100
9
92 20
54 86
45 78
89 6
6 54
17 81
32 54
70 9
73 44

100
10
20 10
32 78
38 3
75 42
77 68
66 82
16 16
12 100
77 14
22 84

100
4
6 80
75 30
85 31
95 28

100
3
38 7
70 76
43 61

100
18
2 5
1 83
89 30
49 45
94 97
13 22
47 67
97 9
6 90
53 3
57 58
27 17
34 24
50 54
5 65
10 75
96 62
82 53

100
2
87 5
4 23

100
8
7 6
36 99
39 89
30 47
67 1
47 48
8 92
57 59

100
4
95 33
25 3
11 97
89 48

100
9
80 54
26 65
92 43
11 88
35 30
6 95
86 1
75 38
70 75

100
13
70 63
99 59
51 22
82 69
64 97
82 72
72 4
22 62
43 74
91 3
58 63
18 60
2 100

100
3
28 96
47 32
12 91

100
19
1 18
79 41
47 59
63 15
20 83
48 71
57 76
91 7
65 21
87 51
50 16
75 79
21 78
78 63
77 25
67 89
70 14
68 28
45 50

100
19
36 92
90 47
61 80
4 100
91 95
47 19
51 1
27 62
57 44
69 22
87 7
96 46
78 66
18 44
3 90
57 93
27 1
94 95
20 5

100
13
72 9
89 60
1 76
40 12
13 39
37 28
40 47
52 98
97 62
21 31
84 7
50 23
13 23

100
11
25 83
79 96
49 30
10 91
9 5
31 46
23 25
50 77
32 79
94 71
56 85

100
7
73 61
52 23
72 15
90 78
65 77
59 69
90 48

100
10
45 27
7 25
75 51
42 92
12 80
63 57
77 60
38 75
12 53
82 65

100
4
70 68
91 98
34 72
75 52

100
3
35 71
23 97
82 27

100
11
40 64
7 13
68 94
61 75
73 92
6 76
22 64
97 46
67 27
11 91
19 73

100
10
44 20
79 88
46 30
100 53
77 96
66 97
9 55
79 6
32 61
76 42

100
3
22 39
12 19
31 7

100
12
16 83
96 79
73 82
88 88
33 98
60 68
70 38
24 98
79 81
24 11
26 64
79 59

100
17
76 55
49 40
56 7
49 90
2 65
39 20
64 40
71 83
57 89
39 95
15 79
30 46
25 49
13 40
10 100
40 65
35 98

100
15
69 81
84 42
2 74
3 45
97 38
54 16
44 92
87 32
34 47
41 63
43 4
26 52
13 11
99 93
62 99

100
6
17 56
44 67
48 3
69 1
12 50
79 58

100
14
15 14
32 84
38 9
53 51
76 45
33 33
98 1
1 47
11 28
3 12
43 35
84 66
26 61
47 59

100
6
89 98
67 76
72 58
1 92
46 92
91 64

100
9
5 33
37 10
12 87
61 80
67 78
25 5
12 84
78 26
85 34

100
4
86 9
31 9
71 85
17 50

100
17
84 42
100 76
76 10
73 53
88 20
21 55
42 3
83 75
79 99
71 25
99 24
98 94
38 60
95 14
44 50
28 52
5 63

100
19
42 19
85 12
81 14
62 24
49 26
7 46
61 66
57 89
6 88
30 2
68 46
60 74
1 80
21 34
1 25
52 57
13 23
60 36
57 84

100
12
19 73
94 99
79 19
13 47
28 92
51 66
54 94
41 57
48 11
69 37
5 4
52 100

100
19
40 52
15 40
61 62
31 29
74 56
9 58
56 34
37 5
76 92
82 35
33 79
15 64
58 47
8 99
97 76
35 55
99 6
57 30
89 44

100
2
36 82
40 15

100
10
11 70
20 98
22 94
1 17
2 47
48 69
8 7
57 48
54 98
58 28

100
5
25 28
89 18
78 65
79 52
85 86

100
6
78 25
97 75
18 41
99 38
15 95
72 36

100
2
88 53
6 51

100
14
60 62
2 19
86 11
74 37
44 77
10 43
19 4
79 41
12 27
23 62
81 75
42 10
43 28
69 33

100
9
90 40
74 94
61 19
26 97
45 100
66 46
12 52
71 9
28 41

100
14
64 53
50 75
47 20
7 33
85 47
85 30
46 100
45 43
17 58
42 23
13 61
52 96
51 55
5 91

100
8
87 37
83 2
30 99
67 80
31 35
66 91
88 64
86 33

100
8
49 83
13 79
15 23
67 4
47 56
1 76
48 97
48 56

100
10
68 59
72 81
91 68
86 60
9 38
40 85
47 57
31 71
21 22
33 85

100
13
98 31
5 52
51 39
54 9
28 42
92 59
61 90
77 38
13 45
53 15
57 14
89 80
36 65

100
2
80 34
13 42

100
15
58 68
83 52
75 66
10 11
54 10
27 47
60 45
42 79
10 39
31 42
95 16
77 12
92 33
46 49
85 68

100
6
14 22
33 40
80 44
7 7
93 38
22 68

100
2
25 16
26 25

100
18
61 7
73 90
7 79
16 90
25 49
82 48
52 21
85 41
14 1
99 92
10 77
2 2
100 52
97 75
44 7
69 35
20 37
42 40

100
3
45 37
10 66
70 27

100
14
39 79
51 19
39 19
42 15
8 27
66 17
93 34
60 6
1 98
18 43
26 24
97 35
76 44
28 1

100
5
11 54
79 7
50 79
7 68
16 55

100
14
90 60
70 5
46 55
14 68
53 80
14 6
81 21
96 72
83 56
79 2
65 57
50 62
12 23
55 88

100
15
74 76
75 33
15 32
69 46
20 91
21 35
93 49
82 27
44 24
54 66
42 95
94 35
64 94
84 22
68 99

100
15
38 63
33 24
50 13
10 34
87 77
37 35
47 93
48 6
8 5
1 4
95 15
47 40
27 90
54 87
97 95

100
12
44 52
97 69
16 57
34 76
41 68
80 81
43 14
74 58
81 86
87 84
2 76
21 97

100
12
54 56
65 36
28 77
9 37
23 94
70 23
65 79
93 11
63 12
78 22
42 20
37 31

100
17
10 89
21 21
80 37
86 89
6 92
11 87
60 94
89 30
60 89
35 69
3 94
21 91
67 36
84 82
31 17
28 25
75 47

100
2
3 6
92 78

100
15
10 31
88 92
32 56
79 53
20 56
77 91
4 73
83 87
64 74
51 25
3 32
79 94
39 18
77 88
49 18

100
9
10 51
83 82
87 70
19 7
47 54
31 93
37 4
84 51
12 75

100
5
24 98
11 22
72 97
15 56
57 91

100
4
6 61
17 40
76 47
13 53

100
15
38 85
58 18
9 54
64 33
34 89
15 28
36 26
1 14
55 49
95 24
22 68
93 80
83 94
8 24
58 25

100
17
12 55
68 89
27 9
14 57
8 36
13 76
38 4
67 54
57 32
40 80
20 58
21 39
85 75
55 63
90 19
43 74
17 40

100
9
76 77
78 41
57 37
81 45
9 93
28 26
74 47
27 50
54 4

100
12
47 56
39 15
46 13
97 94
89 2
7 64
53 80
9 92
96 67
2 7
55 99
26 48

100
15
49 30
42 70
10 64
74 22
53 86
76 22
99 85
52 79
94 37
79 62
81 53
35 80
62 71
47 78
13 6

100
9
49 10
79 23
19 13
46 35
55 72
35 44
58 55
2 5
15 20

100
4
51 89
89 63
93 84
99 90

100
17
50 41
34 25
40 50
60 91
12 51
30 88
20 14
30 49
51 53
79 98
30 30
92 88
55 10
22 70
20 41
64 51
99 98

100
11
70 71
37 10
30 95
100 69
39 13
100 89
90 12
28 40
22 84
52 81
31 14

100
7
44 60
45 82
65 36
18 68
83 54
61 40
41 67

100
4
76 70
95 83
35 36
100 59

100
14
65 45
57 46
79 23
19 50
12 60
48 82
55 24
98 62
60 53
48 92
98 47
18 49
4 68
13 72

100
6
90 65
38 85
75 84
15 85
45 92
12 82

100
11
89 10
14 17
31 88
14 92
68 47
41 83
76 44
92 5
25 71
99 11
1 66

100
18
48 82
86 37
98 67
49 55
34 67
68 14
91 71
51 38
89 59
6 45
82 46
13 20
84 72
35 14
16 76
57 32
95 18
14 34

100
16
61 2
47 45
6 41
35 35
72 74
34 94
88 73
5 90
94 10
94 100
7 89
8 67
66 22
21 60
56 9
37 27

100
4
81 22
91 4
35 18
28 95

100
16
7 86
86 25
4 76
17 61
30 53
14 51
73 17
61 80
42 52
56 97
72 18
1 51
67 68
53 70
49 3
29 50

100
17
4 49
4 28
46 24
82 3
47 84
57 83
54 32
54 64
65 39
82 5
79 33
78 100
59 47
29 71
93 18
89 46
34 66

100
18
28 55
65 81
32 43
57 30
33 95
51 82
3 37
80 59
10 8
15 84
46 33
43 46
78 8
64 12
89 45
71 21
22 61
38 54

100
19
60 73
24 75
14 83
100 73
85 95
52 96
37 90
55 92
86 63
78 53
23 66
89 59
24 66
37 84
71 5
98 43
93 88
49 17
28 38

100
10
1 87
94 57
44 6
9 1
53 24
81 48
8 32
72 86
72 51
89 91

100
16
63 92
73 50
84 56
15 36
31 50
43 12
71 6
17 51
68 87
58 14
68 43
39 3
30 41
14 39
69 92
47 83

100
7
61 81
52 38
50 95
67 80
43 1
56 78
73 52

100
11
42 2
45 89
51 80
43 65
26 13
12 54
3 10
65 14
94 63
57 26
98 63

100
5
30 41
71 92
82 93
55 67
16 18

100
9
76 46
70 59
51 35
52 71
8 49
29 66
50 25
36 19
64 93

100
5
63 39
56 1
58 39
3 46
36 72

100
17
76 81
66 82
31 49
27 43
55 42
97 89
1 45
5 10
84 85
78 53
34 26
17 59
21 28
44 28
1 72
18 34
85 30

100
11
88 94
55 5
52 67
59 44
49 91
68 89
33 83
19 57
20 14
63 35
55 79

100
2
7 39
55 42

100
19
34 82
70 51
87 41
42 46
6 30
99 66
29 61
91 99
34 79
91 39
75 86
5 29
38 55
20 38
64 24
28 21
35 46
80 33
91 3

100
17
19 71
25 75
42 7
8 72
99 79
22 38
31 64
74 62
17 67
41 32
37 50
89 57
77 47
93 7
77 80
49 44
51 56

100
2
2 9
20 99

100
8
58 44
70 6
96 66
2 75
92 75
74 71
46 3
19 49