40 2 33
10 362
13 59
41 1373
55 1873
91 1060
107 902
155 245
232 542
235 1507
283 1894
289 996
311 1412
428 1363
542 1312
571 1059
646 812
679 918
825 698
884 1134
894 1483
971 1017
994 997
1042 1665
1055 1489
1132 1133
1150 1718
1157 957
1193 557
1205 1667
1246 773
1365 141
1584 518
1587 1499
1620 1879
1672 1072
1732 1205
1841 128
1878 754
1908 34
1916 1545

27 8 24
7 492
20 1211
64 336
151 149
163 228
264 282
336 1127
472 504
520 205
527 994
817 1959
985 1593
1125 1844
1241 1634
1265 819
1286 1892
1333 1745
1344 1340
1412 13
1421 1990
1483 680
1633 1466
1686 1371
1806 952
1852 490
1889 1140
1976 790

72 18 48
3 915
11 27
29 1135
113 280
192 235
315 9
379 142
386 504
414 890
417 1746
453 1697
472 504
475 964
484 949
485 289
490 743
589 1459
694 1814
710 1153
768 1283
789 1486
807 747
808 1171
822 1084
838 1109
897 977
911 930
922 1525
1000 693
1021 1173
1023 506
1046 1361
1073 314
1090 548
1117 1954
1136 1981
1141 912
1151 1216
1174 29
1182 1641
1218 1969
1255 63
1287 821
1377 257
1396 1446
1419 1876
1439 440
1446 164
1457 1625
1470 1494
1492 505
1493 1179
1512 553
1534 381
1553 626
1617 1981
1630 1870
1649 854
1674 1740
1687 1418
1707 147
1727 983
1807 12
1817 1090
1839 631
1859 1562
1896 142
1917 1784
1951 282
1970 641
1976 790
1981 1089

99 57 73
2 777
10 362
21 1368
32 22
33 1058
34 1069
88 754
94 1739
142 1732
190 29
208 904
216 1324
221 1499
230 1669
248 1311
260 522
270 600
293 1668
296 926
308 1179
360 298
374 1273
379 142
392 944
426 1303
439 1729
456 1039
469 1692
505 761
536 1051
595 1233
691 253
740 195
742 949
747 1677
751 1560
792 1159
799 324
800 272
842 109
845 1114
847 1989
856 1281
867 1181
869 603
898 1309
899 587
920 1528
924 1136
931 621
944 657
947 1126
1002 439
1028 491
1042 1665
1068 844
1092 1877
1112 761
1135 1956
1163 1418
1179 424
1188 789
1205 1667
1218 1969
1232 1742
1244 722
1255 63
1264 734
1301 1551
1309 506
1323 1484
1328 709
1436 1492
1449 349
1457 1625
1509 1159
1568 1026
1588 1134
1616 602
1627 1708
1648 1213
1659 465
1684 114
1789 1171
1803 320
1811 1358
1833 1833
1840 569
1923 602
1924 492
1947 1694
1950 782
1955 1015
1966 1242
1967 158
1968 1164
1979 147
1980 1916
1999 833

4 1 2
419 1529
653 1483
745 226
1473 1581

79 6 28
7 492
48 315
80 1087
120 440
127 675
164 1841
196 143
206 606
234 197
240 1622
245 1568
296 926
358 1898
368 1732
408 1753
409 248
428 1363
447 27
492 829
494 1682
498 1826
512 677
567 260
587 1729
636 231
735 1250
740 195
748 596
769 72
779 1522
788 1898
809 1776
847 1989
891 1999
894 1483
920 1528
964 931
969 566
986 1278
991 445
1030 37
1037 1856
1080 152
1089 1735
1092 1877
1102 960
1103 933
1180 1719
1205 1667
1273 802
1354 1050
1358 213
1372 1939
1395 1472
1402 1825
1414 519
1430 976
1463 1131
1536 1185
1537 897
1560 366
1571 1786
1582 1320
1591 1853
1610 1716
1623 1293
1706 1292
1707 147
1810 1759
1829 1400
1836 127
1870 1128
1893 1983
1901 1320
1922 1735
1935 1654
1939 482
1988 1901
1995 976

97 90 95
87 651
113 280
119 619
120 440
178 1859
203 1763
218 1470
288 899
295 1095
304 1936
307 1756
320 206
339 658
341 1224
353 1385
354 1222
369 1155
381 1884
425 990
430 253
438 1157
455 1043
456 1039
493 390
520 205
523 1386
527 994
538 1631
567 260
574 945
599 358
603 1839
635 1002
642 1218
651 1904
670 1805
684 717
686 1093
695 713
702 1710
715 1291
732 604
738 1485
750 865
753 1955
761 1321
767 40
770 1398
806 1365
808 1171
832 189
836 1016
864 1813
866 1494
919 1525
972 641
999 1421
1051 506
1086 1631
1113 1990
1115 50
1128 1551
1134 1304
1142 192
1193 557
1224 587
1265 819
1272 487
1486 1018
1532 115
1548 585
1567 1613
1625 628
1661 681
1664 499
1682 1281
1715 255
1740 1520
1769 481
1780 854
1782 1134
1800 1923
1854 732
1855 238
1859 1562
1868 569
1884 1021
1891 647
1895 1694
1897 630
1920 925
1924 492
1925 548
1932 512
1934 1589
1962 350
1985 17

70 17 61
89 399
111 756
124 97
125 1771
138 219
154 618
160 379
164 1841
167 1500
200 776
208 904
218 1470
232 542
253 1730
270 600
286 1199
289 996
293 1668
300 90
329 1904
350 1672
463 538
487 1988
520 205
522 312
551 969
596 157
673 1375
765 427
773 347
785 1204
787 443
798 1723
812 701
816 907
827 376
908 1685
945 1097
983 528
986 1278
1031 1537
1047 1083
1126 1469
1134 1304
1150 1718
1204 1421
1211 1899
1232 1742
1258 1712
1264 734
1403 1542
1410 267
1417 1292
1467 1053
1500 853
1515 1003
1530 1763
1540 408
1543 1313
1723 1220
1744 1883
1747 223
1807 12
1848 901
1874 585
1905 1492
1918 522
1923 602
1988 1901
1998 1134

52 12 47
32 22
87 651
107 902
176 227
240 1622
334 1705
352 1625
360 298
411 1333
497 569
545 355
550 1610
566 606
583 478
628 1054
657 1744
688 126
701 919
790 1640
808 1171
853 231
856 1281
921 839
940 8
953 528
957 610
1016 1662
1143 1729
1157 957
1195 431
1200 1613
1202 1638
1221 30
1241 1634
1337 295
1342 652
1415 860
1464 1561
1507 1086
1514 932
1531 1633
1660 1168
1736 1169
1748 1382
1761 376
1848 901
1884 1021
1903 538
1906 930
1909 1685
1954 1236
1966 1242

32 3 8
38 1011
135 965
182 437
297 466
338 1984
382 1993
591 1438
642 1218
648 977
657 1744
758 532
791 278
871 433
875 1415
897 977
969 566
1022 1015
1027 263
1065 636
1078 969
1288 1522
1475 1768
1527 784
1561 1515
1567 1613
1596 432
1662 813
1679 1836
1803 320
1831 786
1877 542
1909 1685

75 64 63
2 777
62 1084
64 336
66 846
75 1367
106 97
127 675
141 871
195 428
204 613
213 1917
235 1507
252 1661
322 1713
336 1127
384 1621
404 1958
449 748
455 1043
495 1340
573 518
599 358
603 1839
620 574
636 231
686 1093
691 253
776 573
807 747
838 1109
844 1081
857 1875
898 1309
917 1820
919 1525
936 815
977 1195
1022 1015
1029 1172
1038 590
1040 1970
1070 649
1103 933
1128 1551
1146 131
1158 1062
1227 1649
1248 1519
1279 1960
1323 1484
1344 1340
1368 437
1402 1825
1412 13
1505 272
1506 516
1533 560
1544 1879
1564 428
1646 1494
1656 951
1677 1587
1678 1057
1738 1227
1779 1747
1786 1973
1795 1755
1832 4
1844 1374
1857 1705
1947 1694
1950 782
1955 1015
1963 1236
1983 439

42 29 25
12 690
35 167
54 1956
136 1306
155 245
200 776
334 1705
424 249
458 428
508 1190
519 1168
539 593
542 1312
659 1911
671 1934
683 982
733 851
741 639
855 122
980 1266
985 1593
1039 341
1058 104
1105 1286
1125 1844
1132 1133
1175 1559
1213 1088
1298 882
1310 1107
1414 519
1494 142
1521 1154
1536 1185
1566 1847
1759 1660
1808 504
1853 926
1858 0
1865 1807
1944 1797
1998 1134

57 33 46
6 1386
19 1736
62 1084
69 1857
92 1676
104 1467
114 286
129 927
163 228
177 365
229 1786
264 282
265 1258
266 924
308 1179
415 1754
435 1996
459 403
499 232
516 524
548 412
583 478
621 1491
632 1081
678 993
694 1814
726 571
779 1522
780 47
813 1703
895 1776
899 587
966 777
971 1017
992 1000
999 1421
1018 399
1036 987
1065 636
1251 244
1357 1333
1366 1342
1392 356
1395 1472
1438 496
1442 1735
1565 1776
1620 1879
1670 346
1695 67
1733 1127
1788 1638
1789 1171
1798 780
1829 1400
1901 1320
1995 976

34 2 20
20 1211
28 67
63 327
114 286
329 1904
452 794
512 677
527 994
548 412
736 1868
760 379
781 924
792 1159
890 595
891 1999
896 154
1218 1969
1225 1279
1369 263
1382 138
1418 1832
1485 486
1492 505
1612 1343
1725 1204
1733 1127
1741 1563
1747 223
1755 1862
1781 366
1783 1759
1807 12
1929 840
1943 337

33 16 2
12 690
70 124
74 814
86 1403
192 235
231 82
236 1355
256 1320
327 599
354 1222
469 1692
511 367
580 289
607 794
847 1989
929 928
1099 1793
1228 1499
1376 1128
1419 1876
1446 164
1465 919
1482 1320
1525 3
1560 366
1670 346
1696 1674
1726 1287
1769 481
1809 1807
1814 1117
1907 422
1926 296

80 61 78
3 915
63 327
79 1750
80 1087
96 226
103 378
112 1301
132 1497
133 353
284 660
322 1713
331 1811
347 84
351 1850
375 1776
389 754
438 1157
468 339
506 81
538 1631
541 627
560 338
571 1059
582 607
594 1074
595 1233
643 1021
646 812
651 1904
662 1236
666 563
679 918
847 1989
884 1134
885 1181
895 1776
910 285
949 71
969 566
1020 1154
1059 1875
1163 1418
1176 898
1184 1010
1189 140
1192 938
1217 232
1230 1339
1247 1643
1248 1519
1275 1562
1279 1960
1281 911
1342 652
1351 1566
1353 1812
1389 634
1398 111
1403 1542
1447 523
1452 339
1480 1988
1494 142
1499 978
1506 516
1510 1877
1575 508
1605 696
1611 1361
1714 1043
1743 1660
1771 1929
1869 538
1872 1018
1875 392
1890 1634
1914 644
1918 522
1936 448
1939 482

70 68 12
40 229
112 1301
135 965
145 19
166 1193
173 1856
197 1011
243 1343
278 973
362 524
393 202
450 1556
477 429
499 232
532 946
559 1888
576 873
592 25
615 1791
753 1955
754 1770
806 1365
828 898
844 1081
870 1720
893 297
919 1525
927 1643
949 71
956 1888
966 777
1019 217
1044 1069
1058 104
1063 538
1086 1631
1090 548
1119 364
1174 29
1191 723
1193 557
1215 386
1236 1349
1247 1643
1273 802
1297 45
1339 559
1340 801
1421 1990
1423 635
1489 98
1532 115
1548 585
1562 1395
1622 1941
1630 1870
1635 500
1657 1873
1686 1371
1745 616
1775 280
1801 603
1824 1748
1827 1409
1839 631
1873 1470
1900 1520
1907 422
1945 1220
1951 282

15 13 7
207 840
383 1205
461 681
567 260
740 195
847 1989
884 1134
995 283
1040 1970
1164 1141
1209 743
1447 523
1702 1949
1759 1660
1947 1694

25 12 3
87 651
228 954
335 228
473 1629
623 951
625 1021
655 1759
698 762
733 851
925 1360
983 528
1003 1334
1022 1015
1069 760
1102 960
1145 868
1180 1719
1189 140
1320 123
1324 317
1352 878
1499 978
1557 1569
1669 769
1672 1072

7 2 5
442 1414
941 1722
955 398
957 610
1661 681
1797 1090
1957 1884

14 9 5
199 1529
319 1587
425 990
440 1436
514 690
646 812
788 1898
959 577
1064 969
1073 314
1148 1174
1638 234
1958 353
1959 1299

53 47 48
16 540
82 1276
123 117
178 1859
289 996
331 1811
546 1512
559 1888
671 1934
685 30
764 172
826 991
857 1875
869 603
885 1181
943 350
1011 972
1038 590
1077 39
1084 1289
1091 295
1104 823
1151 1216
1160 1933
1182 1641
1208 180
1222 433
1283 1829
1319 354
1357 1333
1373 202
1402 1825
1466 1931
1470 1494
1478 643
1480 1988
1542 1349
1562 1395
1587 1499
1655 751
1656 951
1665 977
1695 67
1837 410
1845 1458
1856 699
1877 542
1883 550
1890 1634
1896 142
1933 956
1940 557
1988 1901

89 62 73
39 42
52 91
83 1178
96 226
171 914
186 1474
199 1529
249 1810
282 933
301 1684
310 887
319 1587
325 1255
333 1667
396 784
399 868
549 1479
556 620
559 1888
562 1770
623 951
657 1744
680 805
700 1088
714 925
752 1036
753 1955
770 1398
778 59
819 806
821 720
845 1114
916 116
923 1490
928 337
932 310
948 1269
953 528
964 931
969 566
972 641
978 776
1026 790
1056 1032
1106 1171
1122 659
1167 1474
1175 1559
1203 270
1221 30
1233 1330
1277 1610
1287 821
1294 1378
1377 257
1405 339
1414 519
1419 1876
1426 107
1445 606
1476 187
1481 1394
1521 1154
1525 3
1550 765
1556 629
1573 763
1582 1320
1588 1134
1629 942
1650 382
1676 623
1679 1836
1687 1418
1704 1523
1710 335
1721 260
1748 1382
1753 563
1764 1503
1782 1134
1801 603
1818 1560
1883 550
1893 1983
1900 1520
1948 1005
1963 1236
1966 1242

47 10 24
51 1526
134 586
172 987
182 437
183 1228
197 1011
268 62
294 1190
320 206
328 1721
347 84
456 1039
512 677
545 355
564 856
602 1417
603 1839
652 176
684 717
773 347
831 1171
854 532
872 1982
883 32
885 1181
961 976
991 445
1108 1677
1145 868
1158 1062
1237 1915
1286 1892
1355 1196
1391 1725
1430 976
1483 680
1493 1179
1554 1892
1621 620
1626 1135
1682 1281
1717 766
1752 553
1772 396
1789 1171
1799 71
1894 461

94 47 22
31 1802
63 327
99 1539
104 1467
135 965
138 219
192 235
201 404
215 996
249 1810
254 878
268 62
316 336
363 590
364 209
370 1994
373 769
380 1579
381 1884
404 1958
423 1797
497 569
504 23
511 367
554 355
559 1888
615 1791
733 851
739 1006
741 639
782 1082
814 653
835 10
853 231
869 603
890 595
897 977
925 1360
939 853
943 350
972 641
980 1266
986 1278
1010 762
1022 1015
1045 1517
1068 844
1106 1171
1115 50
1194 493
1195 431
1213 1088
1249 742
1262 733
1275 1562
1283 1829
1287 821
1315 820
1334 995
1348 1091
1357 1333
1389 634
1396 1446
1402 1825
1442 1735
1462 484
1468 528
1512 553
1517 1951
1530 1763
1556 629
1586 1794
1593 303
1664 499
1708 1629
1738 1227
1757 1895
1784 1281
1801 603
1802 0
1817 1090
1832 4
1855 238
1868 569
1881 1743
1887 1720
1896 142
1899 1063
1908 34
1912 1780
1933 956
1940 557
1950 782
1979 147

57 44 52
3 915
69 1857
75 1367
100 795
135 965
156 846
222 1772
321 1301
323 1372
383 1205
515 1626
594 1074
609 1847
617 1115
703 732
705 1017
710 1153
738 1485
774 950
887 415
950 651
973 735
976 184
978 776
998 382
1009 1761
1030 37
1046 1361
1174 29
1182 1641
1230 1339
1235 1515
1264 734
1339 559
1436 1492
1437 1609
1517 1951
1523 906
1575 508
1602 1596
1616 602
1691 1764
1702 1949
1724 957
1727 983
1769 481
1787 1401
1831 786
1833 1833
1850 989
1851 1867
1868 569
1869 538
1913 1708
1937 872
1945 1220
1989 511

93 16 30
11 27
24 1782
29 1135
54 1956
66 846
84 1788
92 1676
94 1739
111 756
152 1796
166 1193
213 1917
218 1470
221 1499
240 1622
249 1810
277 71
338 1984
368 1732
388 1961
396 784
398 842
400 1528
426 1303
430 253
472 504
508 1190
509 1425
510 996
522 312
544 1214
552 189
553 274
555 1641
560 338
600 270
625 1021
650 1536
658 1499
673 1375
683 982
754 1770
762 270
787 443
821 720
864 1813
871 433
872 1982
882 297
957 610
1009 1761
1025 364
1043 1511
1077 39
1167 1474
1212 1024
1219 1710
1237 1915
1239 1881
1258 1712
1276 89
1303 1386
1305 1426
1314 1921
1317 166
1339 559
1346 1743
1353 1812
1375 1631
1387 972
1402 1825
1445 606
1448 251
1449 349
1480 1988
1506 516
1510 1877
1547 1914
1587 1499
1592 1062
1637 487
1649 854
1660 1168
1741 1563
1744 1883
1803 320
1818 1560
1836 127
1837 410
1868 569
1905 1492
1914 644
1984 1958

45 43 18
3 915
12 690
30 1929
78 43
166 1193
252 1661
258 1444
310 887
438 1157
474 49
510 996
522 312
568 1849
579 1637
599 358
702 1710
738 1485
749 1981
814 653
821 720
885 1181
969 566
977 1195
978 776
979 1805
984 308
1011 972
1031 1537
1043 1511
1158 1062
1263 799
1371 1590
1462 484
1466 1931
1472 1543
1496 98
1507 1086
1673 1391
1761 376
1766 1254
1841 128
1872 1018
1883 550
1968 1164
1986 1806

4 1 2
172 987
370 1994
563 1284
681 882

56 26 35
7 492
13 59
51 1526
100 795
107 902
243 1343
252 1661
253 1730
280 1881
285 163
306 1445
350 1672
385 1567
399 868
436 1975
521 358
551 969
576 873
577 458
632 1081
634 1516
638 1796
656 857
711 1943
724 130
785 1204
804 1821
868 81
875 1415
921 839
1005 159
1028 491
1058 104
1067 1956
1172 305
1204 1421
1281 911
1376 1128
1403 1542
1429 570
1498 1472
1540 408
1557 1569
1567 1613
1608 465
1613 1037
1623 1293
1670 346
1711 422
1748 1382
1760 968
1817 1090
1827 1409
1836 127
1841 128
1999 833

23 14 20
68 1313
216 1324
280 1881
351 1850
451 902
548 412
570 1205
735 1250
743 1120
752 1036
761 1321
782 1082
832 189
944 657
1066 170
1163 1418
1229 351
1418 1832
1480 1988
1528 428
1761 376
1812 525
1967 158

44 7 10
1 886
23 429
95 12
139 624
263 1416
318 342
325 1255
437 1188
474 49
514 690
539 593
546 1512
739 1006
765 427
836 1016
845 1114
888 1057
962 1199
989 1672
1005 159
1067 1956
1088 264
1167 1474
1193 557
1276 89
1299 1787
1444 1873
1452 339
1481 1394
1504 547
1573 763
1666 535
1675 411
1702 1949
1757 1895
1765 887
1801 603
1879 533
1906 930
1949 14
1951 282
1956 1417
1986 1806
1996 1669

52 4 12
21 1368
71 1895
99 1539
165 350
213 1917
241 1828
326 819
328 1721
354 1222
376 850
415 1754
422 1788
507 309
598 1493
690 1486
707 235
761 1321
773 347
810 269
948 1269
958 393
1046 1361
1056 1032
1073 314
1111 181
1169 1393
1203 270
1239 1881
1244 722
1313 1664
1345 925
1360 499
1365 141
1484 98
1514 932
1578 775
1596 432
1644 1339
1689 534
1704 1523
1757 1895
1815 158
1822 1937
1845 1458
1853 926
1854 732
1885 1485
1912 1780
1925 548
1945 1220
1977 1902
1978 1955

88 63 58
66 846
97 586
149 715
183 1228
193 1793
206 606
218 1470
224 1644
260 522
318 342
338 1984
340 1920
394 1202
413 1648
432 1686
440 1436
452 794
454 699
456 1039
483 1971
539 593
541 627
559 1888
594 1074
602 1417
635 1002
636 231
647 1379
700 1088
740 195
743 1120
748 596
783 1435
792 1159
831 1171
862 1350
865 1857
868 81
919 1525
935 225
962 1199
964 931
985 1593
1005 159
1011 972
1023 506
1036 987
1044 1069
1061 141
1145 868
1312 1417
1330 1156
1332 1069
1359 1186
1368 437
1372 1939
1440 939
1443 1304
1451 530
1460 547
1485 486
1495 66
1507 1086
1520 49
1579 1982
1603 1815
1605 696
1611 1361
1628 1162
1645 880
1660 1168
1665 977
1688 596
1691 1764
1693 697
1708 1629
1723 1220
1733 1127
1755 1862
1759 1660
1768 57
1776 12
1798 780
1817 1090
1824 1748
1871 1139
1883 550
1941 88

90 37 54
6 1386
47 324
160 379
214 1917
246 340
290 959
291 1773
295 1095
298 1084
306 1445
310 887
340 1920
349 1972
369 1155
437 1188
443 1921
466 535
491 1144
596 157
625 1021
638 1796
664 1818
678 993
713 328
754 1770
762 270
766 234
782 1082
783 1435
787 443
807 747
808 1171
872 1982
877 825
892 1962
895 1776
901 1382
930 582
976 184
997 127
1002 439
1025 364
1095 1198
1102 960
1165 153
1168 980
1170 1485
1197 220
1233 1330
1238 186
1250 1354
1258 1712
1292 1361
1294 1378
1341 1676
1344 1340
1371 1590
1377 257
1401 1661
1420 279
1467 1053
1482 1320
1484 98
1487 752
1519 498
1529 797
1559 1409
1564 428
1572 629
1573 763
1575 508
1594 686
1667 1014
1684 114
1728 1540
1766 1254
1822 1937
1827 1409
1865 1807
1880 1707
1896 142
1903 538
1909 1685
1911 94
1918 522
1931 1051
1944 1797
1956 1417
1957 1884
1976 790

97 59 63
10 362
16 540
22 567
55 1873
81 808
133 353
144 1503
145 19
187 121
189 395
241 1828
261 1465
290 959
296 926
314 1659
336 1127
385 1567
388 1961
405 498
441 460
472 504
476 285
514 690
546 1512
574 945
577 458
579 1637
585 1314
631 1325
633 1516
641 580
690 1486
707 235
726 571
731 1073
734 1805
742 949
750 865
789 1486
790 1640
803 1335
837 224
875 1415
929 928
964 931
1011 972
1032 859
1076 183
1096 949
1161 797
1188 789
1208 180
1216 569
1224 587
1228 1499
1230 1339
1238 186
1243 387
1247 1643
1251 244
1255 63
1279 1960
1288 1522
1302 589
1328 709
1348 1091
1354 1050
1396 1446
1401 1661
1414 519
1417 1292
1434 83
1461 407
1468 528
1505 272
1515 1003
1536 1185
1585 1565
1614 187
1672 1072
1685 371
1708 1629
1709 349
1711 422
1740 1520
1752 553
1765 887
1822 1937
1828 863
1835 356
1862 348
1886 788
1904 1142
1911 94
1920 925
1987 1375
1990 674

60 29 18
21 1368
59 1281
117 1689
160 379
203 1763
226 1505
248 1311
252 1661
296 926
316 336
330 1939
362 524
378 1860
389 754
501 42
511 367
550 1610
554 355
593 1388
631 1325
666 563
697 377
712 573
777 1714
796 1041
804 1821
817 1959
843 1053
849 67
855 122
862 1350
885 1181
966 777
967 99
1004 421
1006 985
1032 859
1057 154
1094 833
1133 343
1144 902
1155 1472
1185 1480
1198 1905
1232 1742
1291 579
1311 92
1328 709
1329 1165
1334 995
1411 1294
1525 3
1747 223
1785 1742
1818 1560
1838 368
1897 630
1923 602
1988 1901
1991 978

84 55 64
103 378
121 729
235 1507
238 348
263 1416
301 1684
304 1936
316 336
326 819
351 1850
395 1506
406 36
413 1648
415 1754
423 1797
480 1177
488 292
496 1541
559 1888
592 25
645 1862
650 1536
652 176
664 1818
703 732
737 503
770 1398
772 1063
805 1457
808 1171
810 269
819 806
836 1016
843 1053
866 1494
869 603
912 1990
956 1888
998 382
1013 1716
1039 341
1042 1665
1099 1793
1144 902
1150 1718
1183 902
1187 1583
1210 1095
1235 1515
1324 317
1364 1115
1413 757
1418 1832
1422 1953
1463 1131
1487 752
1500 853
1522 1861
1547 1914
1549 775
1560 366
1590 908
1598 1807
1607 1382
1646 1494
1670 346
1716 339
1720 1653
1727 983
1775 280
1819 626
1834 1458
1841 128
1857 1705
1862 348
1865 1807
1866 169
1881 1743
1894 461
1896 142
1909 1685
1931 1051
1946 1139
1996 1669

23 8 18
117 1689
191 1237
433 1125
487 1988
538 1631
596 157
606 622
670 1805
674 955
692 543
885 1181
944 657
1077 39
1097 1355
1167 1474
1320 123
1383 1225
1552 1930
1640 290
1754 608
1767 673
1830 1832
1940 557

81 48 55
51 1526
100 795
106 97
120 440
176 227
183 1228
309 418
363 590
370 1994
374 1273
441 460
462 1647
471 127
482 1238
483 1971
484 949
495 1340
537 1080
539 593
556 620
592 25
601 699
617 1115
643 1021
652 176
672 1291
724 130
742 949
768 1283
810 269
811 1218
824 1334
834 506
853 231
890 595
895 1776
923 1490
948 1269
978 776
982 954
988 555
996 412
1001 1334
1033 828
1037 1856
1105 1286
1106 1171
1149 1207
1246 773
1247 1643
1250 1354
1281 911
1283 1829
1290 443
1297 45
1299 1787
1308 1036
1337 295
1344 1340
1351 1566
1380 346
1425 1598
1434 83
1441 763
1486 1018
1523 906
1605 696
1617 1981
1661 681
1677 1587
1686 1371
1708 1629
1735 728
1760 968
1798 780
1830 1832
1873 1470
1964 1710
1991 978
1993 1377
1996 1669

74 60 62
39 42
87 651
123 117
127 675
146 270
188 858
224 1644
227 139
286 1199
288 899
316 336
328 1721
358 1898
457 2
492 829
495 1340
552 189
570 1205
588 1100
622 1947
638 1796
648 977
658 1499
706 346
711 1943
715 1291
752 1036
774 950
830 1052
836 1016
872 1982
883 32
918 1892
931 621
982 954
1042 1665
1079 1535
1126 1469
1142 192
1191 723
1210 1095
1220 373
1322 933
1323 1484
1371 1590
1455 1986
1476 187
1479 438
1518 107
1584 518
1599 1810
1604 1984
1610 1716
1613 1037
1617 1981
1657 1873
1667 1014
1683 620
1702 1949
1741 1563
1749 292
1754 608
1759 1660
1778 855
1799 71
1832 4
1858 0
1866 169
1875 392
1944 1797
1948 1005
1952 523
1974 410
1988 1901

24 1 5
25 1530
200 776
343 1269
429 497
475 964
523 1386
649 685
692 543
770 1398
909 1086
933 1955
1115 50
1253 139
1272 487
1342 652
1434 83
1468 528
1657 1873
1767 673
1892 1325
1911 94
1982 781
1988 1901
1991 978

60 26 10
96 226
123 117
148 1708
176 227
209 818
238 348
283 1894
337 1150
349 1972
363 590
383 1205
454 699
496 1541
511 367
517 57
552 189
559 1888
569 237
667 49
685 30
771 1830
784 1232
818 728
832 189
833 1559
848 1426
863 1131
876 1296
885 1181
910 285
930 582
1011 972
1075 1886
1097 1355
1137 475
1209 743
1264 734
1268 1087
1269 853
1301 1551
1304 353
1365 141
1400 1603
1432 584
1457 1625
1557 1569
1619 88
1644 1339
1661 681
1712 140
1753 563
1773 1044
1775 280
1809 1807
1861 1832
1889 1140
1916 1545
1922 1735
1929 840
1975 260

40 11 2
35 167
45 537
55 1873
225 1590
233 464
238 348
263 1416
269 1624
335 228
397 21
517 57
528 916
605 363
677 1768
688 126
714 925
741 639
774 950
775 30
792 1159
920 1528
978 776
1100 468
1138 1666
1213 1088
1225 1279
1235 1515
1414 519
1510 1877
1517 1951
1559 1409
1563 833
1643 1633
1705 1690
1707 147
1810 1759
1841 128
1887 1720
1918 522
1950 782

31 5 26
104 1467
165 350
169 1764
233 464
260 522
313 172
343 1269
427 1033
432 1686
498 1826
556 620
652 176
737 503
804 1821
904 1563
919 1525
953 528
991 445
1256 1418
1265 819
1319 354
1369 263
1586 1794
1774 1942
1797 1090
1815 158
1864 17
1885 1485
1891 647
1894 461
1996 1669

12 2 3
416 1567
571 1059
575 783
580 289
590 1618
748 596
1067 1956
1301 1551
1628 1162
1655 751
1750 1511
1983 439

83 75 52
65 505
85 1584
135 965
141 871
208 904
226 1505
267 1637
272 1452
286 1199
298 1084
322 1713
345 81
349 1972
383 1205
390 1326
441 460
447 27
480 1177
496 1541
531 1529
572 1217
574 945
594 1074
610 431
635 1002
749 1981
762 270
765 427
776 573
785 1204
809 1776
846 1338
854 532
871 433
881 551
887 415
889 1708
923 1490
960 1890
994 997
1072 465
1079 1535
1086 1631
1087 673
1112 761
1136 1981
1149 1207
1158 1062
1196 710
1224 587
1226 94
1232 1742
1312 1417
1369 263
1401 1661
1414 519
1427 741
1474 1123
1506 516
1515 1003
1543 1313
1551 986
1553 626
1611 1361
1643 1633
1648 1213
1663 1683
1682 1281
1693 697
1700 1457
1747 223
1764 1503
1799 71
1801 603
1802 0
1820 614
1825 1421
1860 1457
1866 169
1871 1139
1883 550
1905 1492
1998 1134

81 77 73
0 1383
11 27
38 1011
45 537
71 1895
86 1403
104 1467
109 492
151 149
168 1034
169 1764
185 1407
211 688
218 1470
241 1828
246 340
256 1320
280 1881
294 1190
308 1179
313 172
387 613
437 1188
516 524
537 1080
573 518
590 1618
669 711
702 1710
705 1017
712 573
734 1805
781 924
810 269
863 1131
886 506
895 1776
896 154
898 1309
984 308
985 1593
996 412
1077 39
1121 1624
1207 671
1226 94
1273 802
1290 443
1319 354
1332 1069
1355 1196
1366 1342
1410 267
1450 751
1457 1625
1477 1639
1520 49
1524 334
1533 560
1547 1914
1552 1930
1595 1842
1606 324
1656 951
1660 1168
1670 346
1721 260
1722 1052
1747 223
1757 1895
1776 12
1788 1638
1802 0
1823 865
1839 631
1860 1457
1885 1485
1923 602
1947 1694
1985 17
1986 1806

94 28 2
33 1058
37 456
42 421
75 1367
97 586
103 378
110 652
119 619
121 729
211 688
213 1917
217 1743
220 490
286 1199
302 1376
320 206
326 819
330 1939
332 1940
412 133
416 1567
428 1363
444 460
448 50
462 1647
463 538
469 1692
480 1177
481 900
487 1988
535 970
546 1512
550 1610
551 969
568 1849
624 1231
645 1862
655 1759
663 1560
706 346
755 1518
769 72
776 573
812 701
818 728
889 1708
909 1086
1004 421
1009 1761
1013 1716
1027 263
1043 1511
1055 1489
1061 141
1099 1793
1160 1933
1167 1474
1195 431
1199 1690
1221 30
1232 1742
1276 89
1348 1091
1350 527
1394 1645
1424 1295
1431 540
1435 800
1437 1609
1457 1625
1486 1018
1561 1515
1568 1026
1589 1546
1604 1984
1640 290
1651 1444
1669 769
1682 1281
1691 1764
1773 1044
1777 209
1779 1747
1786 1973
1851 1867
1865 1807
1892 1325
1897 630
1904 1142
1941 88
1959 1299
1963 1236
1985 17
1996 1669

72 55 29
13 59
16 540
44 1784
74 814
94 1739
255 1305
256 1320
281 930
308 1179
329 1904
400 1528
447 27
480 1177
502 360
537 1080
544 1214
551 969
575 783
601 699
627 1740
729 1685
739 1006
784 1232
825 698
913 583
914 1314
920 1528
923 1490
937 570
950 651
953 528
963 552
967 99
971 1017
974 1368
993 325
1052 1638
1079 1535
1098 1155
1111 181
1128 1551
1168 980
1177 160
1191 723
1193 557
1203 270
1236 1349
1244 722
1302 589
1390 158
1444 1873
1450 751
1490 695
1500 853
1525 3
1532 115
1566 1847
1575 508
1577 1416
1596 432
1629 942
1690 1883
1717 766
1727 983
1751 1035
1853 926
1880 1707
1884 1021
1887 1720
1957 1884
1977 1902
1995 976

54 11 6
55 1873
94 1739
118 444
134 586
184 1275
397 21
411 1333
499 232
556 620
592 25
606 622
625 1021
640 338
665 1105
690 1486
720 963
737 503
741 639
772 1063
786 954
871 433
891 1999
932 310
966 777
1017 1482
1021 1173
1022 1015
1041 1352
1045 1517
1156 573
1158 1062
1185 1480
1304 353
1402 1825
1404 216
1411 1294
1433 801
1527 784
1558 1752
1570 1062
1595 1842
1719 936
1738 1227
1789 1171
1792 1899
1810 1759
1891 647
1898 191
1904 1142
1913 1708
1921 157
1978 1955
1982 781
1985 17

28 12 11
9 1421
109 492
391 259
508 1190
625 1021
637 139
679 918
817 1959
823 1308
985 1593
1084 1289
1240 1011
1256 1418
1313 1664
1334 995
1346 1743
1422 1953
1488 463
1515 1003
1616 602
1618 1360
1628 1162
1641 1950
1821 973
1835 356
1955 1015
1986 1806
1994 566

45 29 32
48 315
79 1750
90 1932
95 12
112 1301
173 1856
211 688
218 1470
287 1981
324 1321
357 42
390 1326
449 748
539 593
574 945
588 1100
644 1970
679 918
704 294
748 596
750 865
799 324
802 154
829 715
916 116
927 1643
1037 1856
1177 160
1195 431
1215 386
1238 186
1259 1269
1348 1091
1386 421
1420 279
1427 741
1529 797
1531 1633
1608 465
1702 1949
1709 349
1805 1942
1810 1759
1819 626
1991 978

31 3 18
54 1956
102 1434
144 1503
231 82
350 1672
367 1336
405 498
460 500
497 569
639 1404
684 717
790 1640
794 1262
797 1848
803 1335
848 1426
871 433
880 892
954 639
958 393
1202 1638
1220 373
1257 353
1305 1426
1475 1768
1654 738
1710 335
1786 1973
1831 786
1972 111
1984 1958

65 40 28
56 862
97 586
110 652
165 350
184 1275
187 121
196 143
216 1324
232 542
235 1507
278 973
318 342
335 228
422 1788
459 403
534 647
563 1284
624 1231
638 1796
650 1536
663 1560
693 1074
703 732
720 963
769 72
831 1171
838 1109
848 1426
888 1057
964 931
991 445
1057 154
1074 326
1139 11
1157 957
1169 1393
1170 1485
1178 562
1185 1480
1267 435
1268 1087
1346 1743
1429 570
1437 1609
1515 1003
1530 1763
1536 1185
1544 1879
1546 316
1568 1026
1578 775
1596 432
1641 1950
1697 335
1706 1292
1717 766
1734 1878
1765 887
1861 1832
1898 191
1901 1320
1902 554
1907 422
1915 802
1995 976

48 43 17
16 540
131 1856
142 1732
173 1856
255 1305
269 1624
290 959
308 1179
334 1705
402 872
449 748
508 1190
536 1051
553 274
571 1059
613 1390
703 732
722 1090
728 1633
734 1805
798 1723
836 1016
879 722
883 32
915 1476
968 657
1094 833
1216 569
1312 1417
1326 1931
1333 1745
1364 1115
1398 111
1411 1294
1425 1598
1451 530
1517 1951
1639 1332
1654 738
1660 1168
1692 1567
1702 1949
1723 1220
1881 1743
1889 1140
1932 512
1945 1220
1968 1164

66 31 15
73 545
84 1788
103 378
110 652
123 117
175 491
178 1859
215 996
226 1505
245 1568
303 1542
360 298
432 1686
455 1043
464 159
476 285
494 1682
544 1214
561 566
573 518
594 1074
622 1947
639 1404
647 1379
648 977
720 963
755 1518
777 1714
856 1281
875 1415
901 1382
1025 364
1093 313
1128 1551
1179 424
1188 789
1193 557
1204 1421
1231 1464
1258 1712
1270 669
1308 1036
1325 312
1408 596
1429 570
1431 540
1433 801
1446 164
1469 427
1485 486
1493 1179
1584 518
1591 1853
1596 432
1667 1014
1710 335
1790 1413
1805 1942
1826 620
1835 356
1850 989
1857 1705
1887 1720
1912 1780
1936 448
1952 523

100 75 49
11 27
72 1582
80 1087
104 1467
105 601
160 379
187 121
253 1730
256 1320
261 1465
291 1773
324 1321
358 1898
393 202
411 1333
466 535
479 335
481 900
488 292
492 829
556 620
559 1888
574 945
606 622
641 580
645 1862
654 1207
694 1814
699 1775
709 1691
735 1250
762 270
765 427
768 1283
770 1398
808 1171
843 1053
844 1081
848 1426
862 1350
866 1494
899 587
901 1382
932 310
933 1955
951 1149
982 954
998 382
999 1421
1001 1334
1006 985
1033 828
1037 1856
1044 1069
1083 1790
1095 1198
1115 50
1123 1919
1128 1551
1174 29
1175 1559
1183 902
1193 557
1212 1024
1215 386
1238 186
1272 487
1274 837
1306 948
1321 437
1341 1676
1356 124
1378 1804
1388 1226
1406 1174
1416 650
1419 1876
1509 1159
1512 553
1519 498
1529 797
1583 826
1584 518
1603 1815
1615 1861
1625 628
1645 880
1684 114
1722 1052
1752 553
1758 1198
1846 1605
1883 550
1901 1320
1913 1708
1919 1087
1929 840
1933 956
1946 1139
1953 869

48 18 39
19 1736
34 1069
41 1373
47 324
49 370
53 980
65 505
80 1087
105 601
123 117
131 1856
218 1470
259 626
267 1637
347 84
365 581
371 4
420 500
426 1303
440 1436
528 916
564 856
606 622
657 1744
708 1137
729 1685
797 1848
822 1084
837 224
840 0
854 532
893 297
910 285
935 225
1033 828
1161 797
1240 1011
1250 1354
1254 259
1294 1378
1299 1787
1364 1115
1619 88
1666 535
1768 57
1798 780
1953 869
1970 641

23 17 16
112 1301
189 395
239 611
445 304
464 159
634 1516
651 1904
843 1053
857 1875
889 1708
1151 1216
1319 354
1375 1631
1483 680
1500 853
1538 100
1619 88
1716 339
1780 854
1800 1923
1808 504
1933 956
1955 1015

41 37 39
51 1526
67 1729
159 1555
177 365
194 1818
204 613
355 1299
356 640
369 1155
410 1303
476 285
521 358
567 260
570 1205
596 157
611 1462
613 1390
617 1115
655 1759
669 711
675 1614
683 982
694 1814
895 1776
1020 1154
1024 1851
1032 859
1075 1886
1202 1638
1231 1464
1288 1522
1492 505
1527 784
1588 1134
1615 1861
1709 349
1801 603
1854 732
1866 169
1948 1005
1992 1265

74 3 64
48 315
94 1739
127 675
145 19
170 124
216 1324
264 282
288 899
315 9
337 1150
386 504
394 1202
443 1921
458 428
463 538
482 1238
484 949
520 205
541 627
573 518
576 873
632 1081
678 993
704 294
713 328
739 1006
767 40
789 1486
819 806
822 1084
824 1334
849 67
878 1404
916 116
921 839
939 853
945 1097
976 184
1058 104
1075 1886
1140 967
1147 1002
1150 1718
1172 305
1189 140
1193 557
1194 493
1205 1667
1316 480
1322 933
1417 1292
1419 1876
1428 937
1450 751
1453 704
1461 407
1462 484
1470 1494
1486 1018
1490 695
1496 98
1501 966
1517 1951
1529 797
1571 1786
1636 515
1658 811
1709 349
1737 1170
1833 1833
1884 1021
1896 142
1900 1520
1958 353

51 26 22
52 91
108 1317
229 1786
251 1801
356 640
418 368
424 249
468 339
545 355
552 189
578 873
626 537
706 346
750 865
770 1398
832 189
846 1338
854 532
861 254
880 892
881 551
947 1126
953 528
967 99
993 325
1062 1412
1098 1155
1107 1358
1160 1933
1274 837
1328 709
1385 1540
1421 1990
1427 741
1439 440
1442 1735
1462 484
1481 1394
1484 98
1533 560
1573 763
1642 693
1685 371
1739 798
1763 173
1790 1413
1835 356
1852 490
1920 925
1946 1139
1998 1134

50 25 37
80 1087
96 226
213 1917
233 464
256 1320
386 504
392 944
394 1202
402 872
420 500
443 1921
493 390
540 857
654 1207
658 1499
874 1487
925 1360
940 8
990 774
1022 1015
1029 1172
1052 1638
1071 814
1139 11
1174 29
1199 1690
1228 1499
1254 259
1256 1418
1271 450
1278 1205
1325 312
1392 356
1423 635
1434 83
1446 164
1460 547
1521 1154
1530 1763
1542 1349
1586 1794
1688 596
1696 1674
1697 335
1754 608
1801 603
1805 1942
1875 392
1886 788
1992 1265

81 79 72
104 1467
123 117
154 618
176 227
183 1228
195 428
200 776
218 1470
222 1772
329 1904
335 228
362 524
382 1993
434 1152
450 1556
533 290
538 1631
560 338
568 1849
592 25
609 1847
634 1516
747 1677
788 1898
790 1640
846 1338
851 1223
858 850
869 603
884 1134
892 1962
952 910
961 976
974 1368
991 445
1030 37
1032 859
1035 1280
1048 1351
1068 844
1075 1886
1077 39
1083 1790
1085 109
1098 1155
1141 912
1143 1729
1178 562
1250 1354
1265 819
1266 315
1269 853
1293 1528
1373 202
1377 257
1395 1472
1455 1986
1483 680
1508 1912
1516 35
1520 49
1534 381
1556 629
1565 1776
1566 1847
1657 1873
1692 1567
1712 140
1754 608
1781 366
1797 1090
1811 1358
1838 368
1851 1867
1852 490
1859 1562
1871 1139
1905 1492
1920 925
1937 872
1989 511

61 44 28
67 1729
92 1676
104 1467
105 601
138 219
213 1917
226 1505
258 1444
262 708
265 1258
275 1550
281 930
313 172
356 640
410 1303
420 500
532 946
570 1205
620 574
636 231
658 1499
714 925
759 1196
772 1063
777 1714
835 10
861 254
996 412
1004 421
1019 217
1069 760
1072 465
1076 183
1077 39
1098 1155
1136 1981
1147 1002
1160 1933
1186 726
1300 899
1338 569
1344 1340
1365 141
1367 639
1385 1540
1511 1900
1513 1197
1552 1930
1692 1567
1712 140
1763 173
1786 1973
1807 12
1848 901
1863 1461
1923 602
1944 1797
1952 523
1956 1417
1962 350
1986 1806

26 7 23
47 324
58 996
74 814
79 1750
101 570
110 652
143 829
175 491
289 996
477 429
638 1796
690 1486
723 1858
785 1204
990 774
1098 1155
1270 669
1356 124
1516 35
1528 428
1553 626
1564 428
1830 1832
1880 1707
1943 337
1984 1958

100 10 90
13 59
43 919
45 537
58 996
59 1281
61 925
76 1434
77 364
81 808
107 902
127 675
128 709
134 586
208 904
232 542
234 197
246 340
294 1190
314 1659
352 1625
353 1385
365 581
372 379
381 1884
428 1363
457 2
499 232
507 309
633 1516
637 139
638 1796
654 1207
655 1759
689 593
724 130
753 1955
768 1283
782 1082
784 1232
787 443
805 1457
814 653
843 1053
858 850
863 1131
915 1476
931 621
962 1199
980 1266
1020 1154
1041 1352
1062 1412
1071 814
1078 969
1099 1793
1110 1245
1118 1075
1126 1469
1151 1216
1157 957
1169 1393
1175 1559
1203 270
1237 1915
1247 1643
1254 259
1283 1829
1291 579
1333 1745
1375 1631
1414 519
1466 1931
1467 1053
1488 463
1495 66
1506 516
1509 1159
1544 1879
1548 585
1558 1752
1564 428
1570 1062
1612 1343
1622 1941
1627 1708
1646 1494
1707 147
1726 1287
1823 865
1835 356
1850 989
1869 538
1870 1128
1876 1280
1878 754
1891 647
1927 986
1966 1242
1973 1569
1998 1134

96 65 32
1 886
3 915
35 167
57 1170
79 1750
82 1276
84 1788
121 729
166 1193
209 818
229 1786
259 626
369 1155
470 215
483 1971
530 1578
533 290
541 627
544 1214
582 607
591 1438
607 794
616 1057
650 1536
688 126
694 1814
728 1633
750 865
802 154
859 179
870 1720
900 1932
904 1563
928 337
929 928
933 1955
963 552
965 87
983 528
1000 693
1010 762
1016 1662
1045 1517
1061 141
1087 673
1097 1355
1114 323
1124 289
1137 475
1172 305
1177 160
1192 938
1206 1829
1219 1710
1231 1464
1236 1349
1249 742
1269 853
1271 450
1307 794
1333 1745
1354 1050
1371 1590
1372 1939
1392 356
1398 111
1411 1294
1446 164
1546 316
1561 1515
1578 775
1581 1540
1598 1807
1627 1708
1629 942
1649 854
1692 1567
1730 826
1742 1221
1751 1035
1755 1862
1773 1044
1777 209
1791 958
1795 1755
1796 1661
1813 894
1830 1832
1844 1374
1848 901
1858 0
1917 1784
1936 448
1968 1164
1991 978
1994 566

57 31 47
1 886
56 862
101 570
125 1771
139 624
185 1407
220 490
224 1644
225 1590
301 1684
343 1269
345 81
347 84
356 640
360 298
396 784
416 1567
482 1238
535 970
541 627
542 1312
551 969
584 757
614 292
618 1521
651 1904
738 1485
751 1560
785 1204
844 1081
858 850
886 506
940 8
1097 1355
1117 1954
1155 1472
1194 493
1201 1391
1294 1378
1329 1165
1338 569
1368 437
1407 1344
1451 530
1465 919
1468 528
1469 427
1483 680
1509 1159
1567 1613
1671 107
1789 1171
1796 1661
1799 71
1839 631
1842 341
1912 1780

9 7 5
228 954
378 1860
405 498
600 270
978 776
1007 957
1125 1844
1236 1349
1586 1794

13 10 4
613 1390
665 1105
668 1244
872 1982
1247 1643
1303 1386
1336 1171
1531 1633
1534 381
1652 1475
1748 1382
1762 1009
1865 1807

41 2 14
33 1058
46 1198
57 1170
104 1467
123 117
150 340
274 1379
338 1984
395 1506
453 1697
489 1795
534 647
545 355
579 1637
746 763
774 950
792 1159
819 806
950 651
1004 421
1042 1665
1052 1638
1085 109
1174 29
1309 506
1313 1664
1355 1196
1375 1631
1384 495
1391 1725
1416 650
1420 279
1422 1953
1457 1625
1464 1561
1562 1395
1620 1879
1649 854
1695 67
1866 169
1919 1087

90 45 56
15 1926
29 1135
45 537
48 315
86 1403
91 1060
105 601
153 723
154 618
177 365
191 1237
206 606
247 1422
251 1801
279 1131
335 228
338 1984
350 1672
368 1732
372 379
411 1333
441 460
465 1151
476 285
505 761
516 524
531 1529
600 270
605 363
608 1173
622 1947
641 580
649 685
685 30
706 346
728 1633
730 789
731 1073
742 949
784 1232
803 1335
812 701
873 181
874 1487
900 1932
942 1783
943 350
947 1126
948 1269
954 639
973 735
991 445
997 127
1002 439
1035 1280
1060 1679
1071 814
1090 548
1128 1551
1157 957
1159 125
1174 29
1187 1583
1221 30
1248 1519
1256 1418
1280 704
1324 317
1419 1876
1458 1079
1474 1123
1492 505
1503 748
1510 1877
1529 797
1538 100
1552 1930
1571 1786
1602 1596
1614 187
1668 1464
1681 1439
1683 620
1684 114
1754 608
1761 376
1936 448
1949 14
1957 1884
1967 158

53 36 40
14 1763
22 567
37 456
134 586
263 1416
266 924
271 36
302 1376
321 1301
328 1721
354 1222
464 159
573 518
604 1569
610 431
668 1244
828 898
874 1487
890 595
898 1309
910 285
1030 37
1065 636
1188 789
1235 1515
1285 816
1310 1107
1323 1484
1332 1069
1337 295
1343 571
1381 683
1420 279
1449 349
1474 1123
1510 1877
1552 1930
1575 508
1602 1596
1659 465
1670 346
1772 396
1826 620
1829 1400
1862 348
1868 569
1869 538
1908 34
1910 1308
1927 986
1931 1051
1937 872
1938 428

19 13 14
561 566
688 126
691 253
909 1086
1001 1334
1048 1351
1050 1300
1114 323
1259 1269
1438 496
1459 1591
1605 696
1680 793
1697 335
1722 1052
1818 1560
1928 1530
1966 1242
1994 566

82 16 44
9 1421
25 1530
30 1929
66 846
72 1582
82 1276
108 1317
121 729
163 228
211 688
234 197
258 1444
267 1637
282 933
286 1199
361 190
396 784
440 1436
520 205
541 627
563 1284
601 699
609 1847
668 1244
692 543
773 347
782 1082
795 1683
852 787
945 1097
958 393
977 1195
1046 1361
1058 104
1060 1679
1097 1355
1114 323
1124 289
1134 1304
1194 493
1197 220
1206 1829
1219 1710
1235 1515
1244 722
1251 244
1256 1418
1262 733
1292 1361
1293 1528
1313 1664
1322 933
1362 794
1374 513
1378 1804
1394 1645
1396 1446
1430 976
1459 1591
1460 547
1487 752
1499 978
1520 49
1535 1014
1576 1397
1584 518
1601 869
1644 1339
1669 769
1686 1371
1697 335
1770 1823
1777 209
1802 0
1812 525
1814 1117
1835 356
1873 1470
1890 1634
1910 1308
1923 602
1984 1958

40 8 20
66 846
92 1676
230 1669
232 542
275 1550
276 1468
359 713
402 872
526 726
550 1610
604 1569
647 1379
735 1250
775 30
798 1723
838 1109
846 1338
963 552
1081 621
1145 868
1183 902
1227 1649
1346 1743
1349 89
1393 952
1404 216
1437 1609
1457 1625
1477 1639
1630 1870
1651 1444
1704 1523
1723 1220
1728 1540
1744 1883
1760 968
1780 854
1829 1400
1960 724
1967 158

25 3 19
67 1729
158 921
200 776
282 933
303 1542
515 1626
574 945
617 1115
623 951
718 1217
842 109
871 433
890 595
951 1149
1075 1886
1155 1472
1156 573
1426 107
1497 425
1561 1515
1695 67
1696 1674
1847 10
1861 1832
1895 1694

77 31 63
34 1069
39 42
53 980
69 1857
116 1865
130 567
138 219
164 1841
176 227
267 1637
314 1659
390 1326
466 535
501 42
534 647
554 355
577 458
595 1233
669 711
689 593
690 1486
746 763
802 154
824 1334
827 376
838 1109
887 415
925 1360
1002 439
1004 421
1023 506
1061 141
1093 313
1102 960
1126 1469
1131 19
1138 1666
1163 1418
1165 153
1188 789
1189 140
1194 493
1204 1421
1220 373
1265 819
1313 1664
1317 166
1336 1171
1372 1939
1376 1128
1388 1226
1440 939
1449 349
1478 643
1482 1320
1494 142
1584 518
1619 88
1624 924
1654 738
1673 1391
1685 371
1712 140
1713 1968
1746 267
1760 968
1798 780
1803 320
1804 0
1806 952
1821 973
1843 1446
1912 1780
1946 1139
1947 1694
1955 1015
1986 1806

24 6 13
22 567
230 1669
367 1336
387 613
415 1754
497 569
589 1459
822 1084
867 1181
870 1720
883 32
913 583
1079 1535
1087 673
1126 1469
1286 1892
1323 1484
1333 1745
1407 1344
1618 1360
1638 234
1779 1747
1841 128
1869 538

49 3 33
36 1393
58 996
90 1932
116 1865
160 379
168 1034
206 606
238 348
241 1828
260 522
286 1199
287 1981
379 142
392 944
397 21
415 1754
486 1367
526 726
653 1483
729 1685
754 1770
757 342
804 1821
884 1134
895 1776
964 931
1029 1172
1046 1361
1069 760
1160 1933
1223 1663
1313 1664
1365 141
1420 279
1457 1625
1580 544
1582 1320
1608 465
1615 1861
1620 1879
1632 163
1669 769
1677 1587
1847 10
1864 17
1926 296
1967 158
1984 1958
1995 976

67 23 3
58 996
90 1932
109 492
151 149
157 1451
168 1034
202 443
226 1505
234 197
275 1550
286 1199
299 1340
312 1348
317 1210
337 1150
350 1672
379 142
385 1567
401 1189
404 1958
456 1039
543 1886
557 1433
562 1770
563 1284
599 358
625 1021
660 127
661 1950
737 503
764 172
809 1776
842 109
852 787
855 122
876 1296
906 1682
917 1820
928 337
930 582
1007 957
1030 37
1096 949
1165 153
1186 726
1311 92
1329 1165
1404 216
1433 801
1445 606
1451 530
1482 1320
1486 1018
1510 1877
1590 908
1601 869
1602 1596
1654 738
1673 1391
1745 616
1758 1198
1781 366
1814 1117
1826 620
1834 1458
1870 1128
1981 1089

97 32 79
19 1736
21 1368
32 22
53 980
99 1539
122 31
157 1451
180 1432
218 1470
232 542
302 1376
337 1150
346 1630
369 1155
400 1528
426 1303
428 1363
445 304
472 504
508 1190
531 1529
539 593
583 478
662 1236
707 235
709 1691
754 1770
823 1308
839 539
843 1053
854 532
871 433
883 32
887 415
889 1708
900 1932
928 337
953 528
968 657
1014 1852
1026 790
1037 1856
1053 667
1080 152
1127 1238
1128 1551
1149 1207
1156 573
1162 496
1181 280
1253 139
1255 63
1265 819
1307 794
1328 709
1341 1676
1362 794
1392 356
1400 1603
1429 570
1440 939
1482 1320
1512 553
1533 560
1541 329
1542 1349
1545 634
1585 1565
1595 1842
1603 1815
1624 924
1635 500
1641 1950
1644 1339
1669 769
1703 529
1717 766
1720 1653
1753 563
1765 887
1778 855
1790 1413
1828 863
1838 368
1855 238
1870 1128
1895 1694
1896 142
1899 1063
1930 49
1931 1051
1934 1589
1942 576
1943 337
1990 674
1997 161
1998 1134

82 4 16
1 886
64 336
76 1434
77 364
94 1739
151 149
167 1500
206 606
242 1299
251 1801
288 899
290 959
322 1713
327 599
334 1705
370 1994
371 4
391 259
470 215
472 504
478 1343
490 743
574 945
592 25
677 1768
690 1486
700 1088
738 1485
741 639
762 270
805 1457
817 1959
823 1308
833 1559
835 10
836 1016
842 109
843 1053
864 1813
869 603
885 1181
925 1360
974 1368
988 555
1024 1851
1046 1361
1066 170
1069 760
1089 1735
1095 1198
1111 181
1122 659
1134 1304
1162 496
1170 1485
1213 1088
1336 1171
1342 652
1354 1050
1419 1876
1441 763
1450 751
1455 1986
1516 35
1544 1879
1566 1847
1573 763
1597 534
1605 696
1621 620
1653 323
1658 811
1720 1653
1734 1878
1748 1382
1803 320
1808 504
1929 840
1946 1139
1964 1710
1987 1375
1999 833

90 60 49
88 754
104 1467
110 652
114 286
116 1865
125 1771
133 353
155 245
168 1034
180 1432
192 235
207 840
216 1324
251 1801
323 1372
345 81
373 769
376 850
391 259
405 498
425 990
426 1303
473 1629
500 261
551 969
583 478
588 1100
607 794
636 231
650 1536
659 1911
668 1244
693 1074
695 713
724 130
763 984
788 1898
826 991
863 1131
864 1813
874 1487
879 722
883 32
902 1021
942 1783
977 1195
1019 217
1032 859
1049 112
1066 170
1081 621
1087 673
1118 1075
1122 659
1151 1216
1155 1472
1176 898
1208 180
1241 1634
1379 571
1439 440
1452 339
1485 486
1493 1179
1536 1185
1594 686
1601 869
1607 1382
1620 1879
1634 1811
1645 880
1646 1494
1670 346
1682 1281
1693 697
1747 223
1750 1511
1752 553
1775 280
1776 12
1801 603
1803 320
1810 1759
1854 732
1862 348
1885 1485
1905 1492
1920 925
1941 88
1974 410

22 19 17
125 1771
241 1828
264 282
435 1996
529 552
551 969
687 1574
701 919
809 1776
818 728
997 127
1026 790
1036 987
1114 323
1181 280
1226 94
1268 1087
1430 976
1470 1494
1602 1596
1653 323
1930 49

43 2 27
41 1373
48 315
78 43
95 12
111 756
184 1275
288 899
299 1340
343 1269
404 1958
454 699
460 500
538 1631
557 1433
560 338
579 1637
663 1560
703 732
704 294
770 1398
777 1714
809 1776
824 1334
851 1223
906 1682
925 1360
927 1643
934 888
967 99
1106 1171
1164 1141
1183 902
1196 710
1205 1667
1475 1768
1485 486
1585 1565
1586 1794
1610 1716
1644 1339
1787 1401
1824 1748
1845 1458

32 18 1
89 399
179 1936
192 235
203 1763
224 1644
269 1624
379 142
414 890
506 81
516 524
567 260
766 234
840 0
891 1999
938 1437
1018 399
1023 506
1028 491
1121 1624
1327 1017
1354 1050
1374 513
1393 952
1394 1645
1404 216
1528 428
1619 88
1769 481
1815 158
1829 1400
1909 1685
1953 869

91 23 52
2 777
5 335
7 492
11 27
37 456
69 1857
77 364
91 1060
111 756
125 1771
126 481
153 723
185 1407
232 542
238 348
265 1258
266 924
272 1452
293 1668
308 1179
310 887
329 1904
349 1972
364 209
391 259
399 868
418 368
434 1152
435 1996
472 504
477 429
487 1988
535 970
582 607
587 1729
607 794
612 682
626 537
650 1536
714 925
732 604
767 40
782 1082
792 1159
835 10
859 179
918 1892
919 1525
930 582
970 952
998 382
1052 1638
1056 1032
1060 1679
1064 969
1078 969
1110 1245
1117 1954
1133 343
1196 710
1204 1421
1209 743
1218 1969
1223 1663
1280 704
1323 1484
1356 124
1378 1804
1391 1725
1438 496
1468 528
1479 438
1494 142
1517 1951
1622 1941
1629 942
1671 107
1693 697
1751 1035
1763 173
1771 1929
1777 209
1813 894
1871 1139
1873 1470
1875 392
1879 533
1901 1320
1939 482
1942 576
1943 337

84 9 40
0 1383
16 540
45 537
66 846
121 729
150 340
229 1786
238 348
254 878
315 9
335 228
358 1898
403 1908
501 42
504 23
511 367
520 205
521 358
546 1512
568 1849
583 478
590 1618
609 1847
625 1021
653 1483
656 857
701 919
712 573
722 1090
750 865
781 924
783 1435
791 278
935 225
969 566
981 1428
985 1593
998 382
1019 217
1053 667
1059 1875
1111 181
1126 1469
1201 1391
1203 270
1222 433
1256 1418
1276 89
1280 704
1314 1921
1318 1994
1323 1484
1357 1333
1375 1631
1443 1304
1459 1591
1467 1053
1494 142
1529 797
1532 115
1550 765
1569 300
1584 518
1611 1361
1631 1996
1673 1391
1677 1587
1681 1439
1714 1043
1746 267
1747 223
1767 673
1771 1929
1777 209
1822 1937
1823 865
1862 348
1871 1139
1882 400
1909 1685
1951 282
1963 1236
1976 790
1981 1089

83 39 58
11 27
70 124
111 756
200 776
225 1590
249 1810
255 1305
263 1416
301 1684
333 1667
347 84
489 1795
522 312
558 987
586 471
664 1818
679 918
698 762
718 1217
752 1036
757 342
760 379
775 30
807 747
810 269
853 231
860 590
866 1494
870 1720
881 551
924 1136
926 1618
945 1097
948 1269
962 1199
990 774
1041 1352
1062 1412
1091 295
1121 1624
1143 1729
1153 377
1184 1010
1201 1391
1256 1418
1264 734
1315 820
1339 559
1361 1370
1382 138
1437 1609
1448 251
1449 349
1492 505
1505 272
1514 932
1528 428
1558 1752
1575 508
1586 1794
1606 324
1613 1037
1619 88
1641 1950
1649 854
1680 793
1699 1490
1701 132
1762 1009
1768 57
1771 1929
1778 855
1780 854
1822 1937
1885 1485
1889 1140
1898 191
1928 1530
1956 1417
1957 1884
1968 1164
1979 147
1992 1265

16 7 11
201 404
273 1899
386 504
515 1626
523 1386
527 994
734 1805
740 195
927 1643
1007 957
1043 1511
1074 326
1086 1631
1412 13
1487 752
1699 1490

12 5 1
155 245
265 1258
961 976
1131 19
1237 1915
1307 794
1384 495
1437 1609
1551 986
1644 1339
1712 140
1767 673

91 70 34
4 1793
8 649
91 1060
97 586
119 619
159 1555
172 987
199 1529
213 1917
215 996
240 1622
257 736
374 1273
402 872
411 1333
424 249
439 1729
443 1921
456 1039
489 1795
490 743
558 987
562 1770
575 783
586 471
618 1521
658 1499
685 30
751 1560
758 532
764 172
765 427
806 1365
822 1084
823 1308
860 590
864 1813
873 181
923 1490
966 777
967 99
1038 590
1057 154
1097 1355
1114 323
1205 1667
1211 1899
1237 1915
1251 244
1289 1605
1306 948
1310 1107
1330 1156
1357 1333
1364 1115
1394 1645
1417 1292
1441 763
1462 484
1471 1819
1480 1988
1486 1018
1507 1086
1526 1325
1540 408
1553 626
1565 1776
1605 696
1638 234
1640 290
1672 1072
1685 371
1693 697
1711 422
1714 1043
1721 260
1724 957
1786 1973
1791 958
1812 525
1850 989
1882 400
1886 788
1919 1087
1920 925
1923 602
1926 296
1971 1721
1985 17
1989 511
1998 1134

76 55 43
62 1084
160 379
167 1500
196 143
203 1763
213 1917
239 611
242 1299
249 1810
259 626
272 1452
286 1199
324 1321
415 1754
423 1797
465 1151
481 900
497 569
530 1578
553 274
557 1433
570 1205
598 1493
607 794
608 1173
619 157
645 1862
666 563
719 836
753 1955
784 1232
804 1821
881 551
906 1682
993 325
994 997
1008 1354
1096 949
1097 1355
1174 29
1210 1095
1240 1011
1255 63
1265 819
1290 443
1301 1551
1311 92
1320 123
1329 1165
1338 569
1380 346
1429 570
1433 801
1450 751
1454 1165
1457 1625
1496 98
1502 797
1547 1914
1562 1395
1580 544
1602 1596
1634 1811
1651 1444
1654 738
1688 596
1715 255
1733 1127
1737 1170
1758 1198
1768 57
1772 396
1830 1832
1899 1063
1947 1694
1985 17

45 15 22
53 980
183 1228
266 924
348 1292
374 1273
527 994
622 1947
750 865
761 1321
801 1122
823 1308
860 590
944 657
995 283
1001 1334
1049 112
1052 1638
1108 1677
1113 1990
1146 131
1239 1881
1286 1892
1297 45
1299 1787
1381 683
1398 111
1465 919
1467 1053
1499 978
1513 1197
1545 634
1584 518
1607 1382
1650 382
1665 977
1716 339
1728 1540
1740 1520
1768 57
1778 855
1782 1134
1784 1281
1851 1867
1881 1743
1916 1545

31 20 23
48 315
84 1788
193 1793
236 1355
272 1452
306 1445
371 4
434 1152
448 50
589 1459
608 1173
670 1805
783 1435
818 728
827 376
905 860
967 99
995 283
1092 1877
1102 960
1389 634
1412 13
1478 643
1517 1951
1567 1613
1612 1343
1681 1439
1760 968
1849 1165
1972 111
1984 1958

73 7 31
0 1383
21 1368
31 1802
38 1011
106 97
182 437
215 996
247 1422
274 1379
295 1095
335 228
401 1189
414 890
425 990
432 1686
463 538
482 1238
483 1971
502 360
503 1117
550 1610
558 987
562 1770
668 1244
690 1486
701 919
708 1137
722 1090
772 1063
782 1082
822 1084
863 1131
926 1618
985 1593
1080 152
1087 673
1137 475
1197 220
1208 180
1222 433
1249 742
1250 1354
1302 589
1318 1994
1325 312
1330 1156
1349 89
1355 1196
1402 1825
1426 107
1435 800
1449 349
1460 547
1463 1131
1517 1951
1533 560
1549 775
1557 1569
1560 366
1616 602
1618 1360
1632 163
1695 67
1765 887
1775 280
1785 1742
1820 614
1927 986
1930 49
1941 88
1949 14
1961 754
1992 1265

85 44 2
6 1386
42 421
55 1873
118 444
157 1451
177 365
187 121
205 538
239 611
316 336
365 581
369 1155
396 784
406 36
513 234
524 1100
534 647
630 98
678 993
679 918
714 925
715 1291
723 1858
738 1485
749 1981
752 1036
770 1398
777 1714
802 154
814 653
827 376
847 1989
849 67
884 1134
886 506
901 1382
915 1476
916 116
927 1643
961 976
980 1266
999 1421
1016 1662
1029 1172
1093 313
1106 1171
1125 1844
1132 1133
1182 1641
1211 1899
1212 1024
1222 433
1254 259
1261 1404
1263 799
1287 821
1290 443
1318 1994
1348 1091
1393 952
1427 741
1433 801
1436 1492
1464 1561
1490 695
1532 115
1575 508
1584 518
1594 686
1641 1950
1666 535
1699 1490
1705 1690
1798 780
1799 71
1808 504
1826 620
1834 1458
1852 490
1855 238
1915 802
1928 1530
1939 482
1974 410
1993 1377

0 0 0