12
18 30 529
4 3
13 23
0 9
2 21
4 14
15 23
0 22
15 9
15 5
6 0
15 15
2 10
10 1
16 1
10 13
11 26
2 7
6 27
14 0
4 12
8 26
5 12
6 13
9 25
0 7
13 26
4 13
10 7
0 26
2 22
2 20
6 2
1 22
3 19
16 2
13 28
10 29
11 8
0 24
15 22
12 20
12 16
3 8
9 9
11 16
11 29
4 11
13 9
8 15
16 18
5 21
11 7
8 20
9 24
5 8
12 27
11 25
14 3
8 19
2 0
13 18
12 29
17 27
3 16
10 3
12 11
16 12
3 7
7 13
14 22
16 26
5 19
7 29
17 22
1 13
2 13
4 1
9 7
17 11
14 24
12 3
14 6
1 0
3 3
1 6
2 26
12 26
13 5
6 5
0 1
5 16
13 6
11 12
11 13
12 5
10 6
9 3
7 12
7 26
17 13
14 9
7 17
2 2
10 0
0 20
2 15
16 3
3 22
7 8
17 6
6 8
15 11
1 8
17 24
10 5
7 23
4 27
0 6
13 10
3 21
1 25
10 8
9 23
14 7
15 13
13 3
1 14
11 5
2 29
16 25
14 2
5 29
4 8
11 17
13 7
0 14
4 29
10 15
4 15
5 3
11 27
6 14
7 2
10 18
1 16
8 6
12 8
11 10
10 11
7 19
2 8
15 26
3 25
3 6
2 18
9 6
12 17
3 13
1 15
16 10
17 5
1 21
15 8
13 20
8 4
2 14
17 10
8 3
1 3
1 4
12 9
0 0
11 15
11 18
16 7
2 11
16 29
16 22
8 24
11 14
10 28
16 15
15 4
0 8
6 3
13 1
6 22
10 23
17 0
5 5
11 19
0 12
5 20
10 12
0 5
7 16
8 21
1 1
1 23
6 16
2 12
12 4
3 20
1 11
6 29
9 4
15 20
8 17
11 21
10 24
8 7
6 15
7 14
4 19
16 0
2 16
7 21
13 29
14 21
15 18
17 19
3 24
5 17
6 17
4 5
2 17
0 23
1 29
7 15
6 28
4 6
5 18
6 25
8 0
3 4
9 11
10 17
2 28
6 6
17 3
7 3
2 25
11 6
3 18
17 7
14 23
16 16
1 26
13 12
9 8
14 25
7 28
2 23
2 1
4 24
4 21
4 7
16 6
3 10
7 6
9 5
8 11
10 19
5 15
9 26
14 14
6 20
12 21
13 4
9 28
13 25
6 19
13 13
3 17
13 16
1 24
13 27
6 18
0 29
4 4
8 22
17 23
9 22
14 16
16 23
14 29
4 22
5 13
16 5
9 17
9 1
3 9
9 0
5 26
16 17
6 26
6 7
12 22
12 6
8 10
17 9
3 2
0 13
17 16
9 27
8 14
5 11
8 16
17 18
10 9
8 1
16 13
8 29
13 24
4 10
5 6
7 24
7 27
16 28
8 27
0 25
15 17
4 17
7 25
5 25
15 0
14 26
1 2
9 19
1 18
4 9
6 11
13 21
14 20
0 17
9 15
12 23
13 17
17 4
16 11
7 4
8 25
13 15
7 10
15 2
10 20
13 19
1 28
15 3
5 10
17 28
3 1
3 28
16 24
3 15
3 26
10 26
15 28
1 10
15 6
14 27
12 1
9 2
15 29
3 14
6 10
16 4
14 4
11 23
10 14
10 10
10 16
5 22
0 21
13 11
0 3
5 14
9 13
16 19
17 26
14 12
12 19
14 15
6 23
9 18
13 2
11 4
2 3
2 5
14 17
15 24
11 3
12 25
16 20
9 10
13 0
3 23
4 2
5 9
8 18
14 5
0 27
4 20
4 25
12 14
1 9
3 11
11 0
8 23
13 14
6 4
8 9
17 15
10 27
11 28
5 2
15 14
16 8
11 1
17 25
5 4
6 1
8 8
15 16
17 8
17 29
7 20
17 2
2 9
9 20
2 6
4 26
2 4
6 9
8 13
11 24
10 21
2 24
5 7
1 12
14 11
14 1
17 17
12 0
15 19
0 28
14 10
5 23
17 20
7 9
7 11
7 22
3 29
4 0
1 5
3 27
12 28
9 29
5 28
13 22
7 5
1 7
7 18
17 1
16 21
1 27
5 1
12 15
10 4
12 12
12 2
3 12
14 28
14 19
15 27
6 12
5 27
17 21
7 0
4 18
8 2
16 27
3 5
10 25
6 24
6 21
10 2
11 22
7 1
11 9
15 25
17 12
9 21
14 8
7 7
10 22
1 17
9 12
15 21
8 5
15 10
12 13
2 27
0 2
16 9
0 11
11 11
1 19
17 14
0 15
4 16
0 16
0 10
11 20
11 2
8 28
12 10
13 8
0 4
4 23
8 12
15 12
0 18
15 1
2 19
14 18
5 24
3 0
12 18
6 15
4 21
1 18
12 11
16 8
13 6
1 28
10 18
6 9
12 22
8 4
11 22
17 25
12 8
4 24
12 6
15 25
6 7
1 26
8 3
14 18
15 18
13 25
10 15
9 28
15 20
17 15
16 3
7 14
7 17
4 25
10 9
16 24
13 16
3 3
5 10
9 24
5 24
2 27
4 29
2 15
6 4
4 7
7 11
16 21
4 3
10 12
15 29
5 16
12 4
14 7
8 1
1 14
14 15
14 24
0 14
1 12
11 11
2 22
14 28
5 13
7 27
1 20
0 24
0 12
14 2
11 3
14 13
11 16
9 27
0 4
1 5
16 13
9 0
11 5
9 1
8 9
17 2
1 8
3 25
6 20
7 12
14 4
9 3
6 17
16 20
8 15
2 28
7 25
15 5
0 6
14 0
1 22
4 19
8 19
15 15
10 17
9 8
15 4
13 23
0 1
8 14
16 14
8 22
12 9
12 10
5 25
0 17
8 5
5 9
13 20
3 14
13 19
9 23
17 21
3 28
6 3
12 20
11 14
2 18
2 8
5 29
6 28
14 1
16 27
16 23
4 1
12 24
9 4
8 7
14 22
15 14
10 0
17 10
2 23
17 0
9 6
4 23
1 10
3 26
14 23
3 19
11 17
7 23
17 23
9 26
16 5
7 7
9 9
2 12
1 0
9 7
3 7
9 17
4 27
10 26
11 12
15 26
14 5
11 20
4 12
16 29
9 13
0 18
2 9
12 13
0 21
14 10
15 13
8 20
8 25
16 18
12 0
2 14
13 24
1 2
0 26
1 11
13 15
3 10
11 15
2 17
8 6
15 6
8 21
0 2
1 6
9 18
6 21
10 13
5 4
14 8
5 5
1 19
7 9
6 23
11 4
16 7
10 10
15 1
3 15
8 8
17 11
2 3
15 11
17 26
1 15
7 24
8 13
9 11
17 6
1 23
12 27
12 2
5 21
17 17
2 25
4 4
7 8
1 4
8 18
2 24
15 16
15 23
3 29
4 6
15 28
0 10
6 22
16 2
3 4
0 0
12 7
9 2
12 26
12 23
10 4
6 14
6 24
0 16
6 26
3 6
0 3
13 4
16 17
7 4
13 22
8 17
6 16
6 29
7 22
10 5
17 22
16 1
15 2
16 11
3 21
15 3
7 26
3 11
5 3
11 0
17 14
5 8
16 9
11 6
10 29
16 22
13 18
8 26
9 21
5 18
4 2
4 18
1 7
16 6
17 28
2 11
3 22
14 11
12 1
9 22
3 23
13 9
12 5
5 19
17 29
2 7
4 22
9 20
1 24
10 21
12 21
7 1
14 16
13 1
7 13
11 8
13 17
13 27
0 19
3 13
6 13
17 8
16 0
7 6
5 27
13 12
13 29
14 26
2 6
12 14
13 0
4 10
6 10
10 1
17 19
14 14
6 12
1 27
5 12
15 24
10 7
2 20
8 0
4 14
9 14
10 28
4 28
1 9
0 7
11 10
3 24
5 20
13 28
1 29
0 28
7 10
13 3
0 9
14 21
10 16
10 23
13 26
3 12
11 28
3 8
10 20
17 5
13 7
10 27
15 9
7 18
14 17
2 21
11 7
8 27
9 12
0 5
11 26
4 20
12 18
17 3
0 20
14 25
13 2
11 27
2 10
16 10
11 24
15 21
15 8
10 19
11 9
0 25
2 5
8 16
12 16
9 25
5 1
8 24
14 20
3 20
4 13
3 27
4 26
16 19
7 0
8 11
9 15
7 29
5 26
0 8
13 8
1 16
6 1
2 4
12 28
13 11
0 15
17 20
6 25
4 8
1 25
17 18
17 27
5 22
4 15
7 19
2 1
5 0
11 23
10 24
16 12
13 14
12 19
11 19
4 9
5 14
5 6
14 29
6 8
8 29
5 17
0 22
6 18
7 3
10 6
0 23
1 1
10 14
8 23
3 2
5 11
1 13
3 17
10 8
15 7
16 28
7 2
7 20
16 16
9 16
7 15
5 28
11 29
13 5
17 13
9 10
13 10
11 1
3 16
10 3
17 1
4 11
10 22
16 4
2 19
15 0
13 21
9 19
5 23
2 29
7 21
5 15
16 26
3 5
6 27
0 27
2 0
13 13
16 15
8 2
12 29
11 18
2 2
6 19
15 22
0 13
9 29
15 12
8 10
15 10
4 17
12 17
3 0
6 11
17 7
11 2
6 2
7 16
15 27
17 16
1 3
15 17
17 24
3 1
1 17
11 21
2 16
10 2
4 16
2 13
12 12
14 6
8 12
14 3
0 29
6 0
15 19
10 11
14 19
12 15
14 9
4 5
4 0
17 12
0 11
10 25
17 4
12 25
11 25
12 3
5 2
14 12
6 6
3 9
17 9
8 28
20 4 80
2 3
18 2
9 3
5 1
19 1
0 1
12 0
8 3
16 3
5 0
15 0
4 2
3 0
6 2
8 1
13 2
13 3
5 2
19 2
8 2
8 0
11 0
0 3
16 0
14 1
12 1
13 1
15 1
1 2
11 1
11 3
4 0
2 1
15 3
7 2
7 1
2 2
18 1
17 1
17 2
15 2
18 0
10 1
1 1
6 0
13 0
10 0
4 1
14 2
3 2
12 3
10 3
14 3
14 0
10 2
6 3
12 2
19 0
0 0
9 1
6 1
17 0
3 1
5 3
1 3
9 0
7 3
19 3
2 0
3 3
17 3
7 0
0 2
9 2
1 0
4 3
18 3
11 2
16 1
16 2
13 3
0 2
14 1
1 0
1 1
13 2
16 1
10 0
6 3
13 0
2 2
14 0
13 1
15 2
7 0
5 3
16 3
3 2
17 1
8 1
14 3
0 3
11 2
2 3
18 1
9 3
3 0
9 1
17 0
10 1
0 1
6 1
1 3
10 2
8 3
15 1
14 2
3 3
16 2
17 2
1 2
18 3
5 1
3 1
12 2
4 0
19 0
9 0
7 2
4 2
0 0
12 3
11 1
6 2
11 3
10 3
4 1
7 3
5 2
5 0
8 0
7 1
2 0
18 2
4 3
2 1
16 0
19 1
17 3
15 3
19 2
6 0
8 2
19 3
15 0
11 0
12 0
18 0
9 2
12 1
3 20 36
2 16
1 4
1 8
1 9
1 3
0 12
1 12
0 11
1 13
0 10
0 18
2 7
1 0
2 10
2 17
1 14
2 0
0 4
0 15
1 2
0 5
1 18
0 0
0 7
0 14
1 10
1 1
0 9
1 15
2 15
0 8
0 13
0 17
2 9
2 18
0 16
0 15
1 2
1 9
1 11
0 19
2 17
2 8
1 7
2 13
2 14
0 4
0 7
1 8
2 2
2 16
0 9
1 16
1 17
0 14
0 8
1 1
0 6
1 3
2 6
2 18
1 4
2 3
0 2
1 6
2 12
1 19
0 17
2 9
2 4
2 7
2 11
2 12 24
0 0
0 6
0 4
1 5
1 9
1 7
0 8
1 2
1 10
0 10
0 5
1 4
0 2
1 0
1 11
1 3
1 6
0 3
1 8
0 11
0 9
0 7
0 1
1 1
1 0
0 1
0 7
1 2
1 4
1 3
0 5
1 1
0 8
0 2
1 7
0 4
1 6
1 5
1 10
0 11
1 9
0 6
0 0
1 8
1 11
0 9
0 10
0 3
31 23 408
24 17
0 9
19 19
4 10
29 13
26 7
22 21
9 9
27 17
20 0
11 3
7 11
22 2
16 5
4 14
30 19
4 8
12 10
13 11
12 14
4 18
20 18
23 0
30 1
4 6
15 11
18 2
24 9
27 22
7 1
27 10
4 20
21 1
21 11
25 21
5 8
7 15
16 21
5 13
22 20
20 19
30 8
25 9
18 4
9 17
17 20
19 6
29 11
6 9
5 12
2 19
6 20
10 12
18 16
20 15
5 22
25 7
7 4
4 5
20 8
27 7
27 12
18 20
13 4
11 10
15 3
6 14
7 22
16 1
29 6
12 17
25 19
28 8
0 20
18 15
26 19
20 17
15 20
2 13
10 8
9 13
12 0
5 17
26 22
6 3
25 3
21 14
28 12
7 16
18 5
28 3
11 17
4 7
27 3
22 3
3 21
5 14
19 12
8 13
18 0
28 4
17 1
25 0
23 4
18 9
8 8
19 17
17 10
4 2
22 17
28 22
5 5
17 22
7 2
15 16
30 6
4 1
10 5
21 21
11 14
30 18
1 3
16 4
9 3
0 22
16 3
14 20
20 16
16 20
13 15
21 6
30 13
29 21
28 19
9 1
30 12
14 13
23 9
5 10
29 15
16 16
6 17
14 1
29 3
30 2
13 3
1 12
30 22
13 10
16 8
10 16
28 16
3 4
24 4
13 17
6 7
0 14
22 6
19 0
20 11
30 3
13 5
19 16
6 18
11 4
8 2
23 11
22 1
1 20
21 18
12 22
3 1
21 20
13 13
17 14
2 21
12 16
11 8
25 4
25 15
24 6
15 7
19 8
3 9
28 14
16 11
28 10
10 6
22 9
20 4
28 21
10 15
14 19
10 13
7 3
26 16
19 15
20 10
19 14
13 2
3 16
2 17
5 1
21 13
22 19
6 10
8 10
3 14
6 19
1 6
28 2
16 7
14 17
28 20
0 19
25 8
13 9
22 18
8 3
20 5
16 18
12 21
13 7
25 1
16 0
12 20
5 16
13 14
11 0
18 8
24 19
1 18
7 13
2 9
30 5
0 12
9 5
14 0
30 10
21 4
26 6
17 17
17 2
25 16
0 4
23 10
8 6
1 14
13 16
24 1
30 14
23 14
23 5
11 20
26 18
0 6
14 4
1 1
1 10
1 19
13 21
9 0
7 5
14 18
19 3
25 10
8 14
7 21
14 2
29 16
17 18
15 8
0 17
9 11
1 17
4 0
18 14
14 22
2 8
25 17
18 21
30 15
20 7
23 17
28 11
2 6
4 12
24 0
21 22
9 21
0 11
10 3
7 7
18 7
2 22
0 3
1 5
8 12
19 20
11 16
21 17
23 1
24 21
15 2
17 19
30 0
19 13
24 8
20 9
20 3
16 6
13 6
30 21
12 7
12 15
12 13
23 3
16 19
28 13
10 0
1 7
23 18
22 0
27 9
23 13
21 2
26 15
3 6
14 8
28 15
16 15
26 17
10 11
15 18
9 22
6 5
22 4
10 21
5 9
18 17
24 14
8 7
25 6
26 20
5 4
14 16
12 5
27 21
17 0
12 12
0 0
0 15
8 16
4 15
14 11
22 15
9 18
6 15
24 11
28 6
28 17
29 14
19 18
2 3
3 2
7 19
2 20
11 21
29 7
11 2
1 13
17 9
11 19
3 20
2 1
27 18
29 18
0 5
11 15
11 12
0 1
21 19
24 2
30 17
13 18
16 2
18 6
21 7
17 11
27 4
12 11
6 21
26 2
15 22
6 11
23 15
2 18
9 14
26 12
27 2
3 22
27 5
17 16
19 2
25 14
22 10
4 4
28 7
22 4
22 17
12 4
21 22
19 4
17 15
17 9
9 21
0 0
5 13
19 20
10 0
8 6
3 20
4 7
4 20
16 18
25 16
21 11
10 5
23 0
7 4
30 1
14 17
11 15
26 14
13 3
27 2
26 3
13 5
23 17
12 3
0 18
28 2
9 0
1 9
10 6
24 6
17 18
23 6
0 12
14 2
14 19
9 19
3 1
3 2
16 6
9 9
26 1
24 18
15 19
13 15
24 2
28 1
21 7
2 17
20 18
9 20
6 15
28 22
25 7
7 2
23 2
3 8
25 0
24 5
13 22
9 4
9 7
28 3
17 19
1 11
27 10
19 12
7 13
10 12
22 5
29 21
20 12
20 11
29 6
17 3
5 22
10 10
23 1
29 22
1 22
1 10
1 13
12 6
12 9
16 3
1 15
10 4
3 12
5 3
18 18
9 13
10 15
3 21
30 15
13 8
21 18
24 20
11 21
3 15
28 9
7 22
9 3
27 18
2 19
13 18
4 13
7 1
9 11
11 12
17 6
12 17
18 2
14 8
2 5
16 1
18 9
12 1
8 3
11 10
15 10
16 19
5 4
16 11
4 10
0 10
20 19
2 21
1 19
19 10
16 4
11 16
7 16
17 21
29 15
9 10
16 22
25 12
23 22
30 11
29 20
10 18
2 2
25 21
22 20
27 22
20 15
8 7
14 16
21 8
29 16
3 17
4 21
17 16
9 12
2 6
15 3
29 0
24 3
22 19
11 4
27 9
4 4
15 9
7 14
19 9
18 0
13 9
0 7
19 0
8 19
26 15
17 7
27 19
17 0
21 4
4 14
12 15
14 21
1 21
26 6
29 12
28 17
29 10
9 6
12 14
9 17
23 12
27 0
18 10
20 13
20 2
14 13
7 5
3 18
25 9
1 20
24 7
24 14
15 4
19 11
8 16
24 4
30 8
15 6
10 11
27 8
25 14
5 15
17 4
18 1
11 17
6 6
27 13
13 6
28 11
0 4
30 2
11 19
13 12
30 3
28 19
28 12
17 8
5 7
30 20
30 5
3 14
25 15
2 15
13 19
11 9
1 1
6 20
22 7
16 15
4 1
21 14
11 18
4 22
14 18
8 18
23 11
28 0
22 11
15 14
17 14
17 17
27 21
11 3
23 21
24 0
16 21
14 20
2 10
26 5
1 2
5 1
11 6
27 12
3 13
28 20
22 14
6 22
16 5
4 12
27 15
7 6
5 14
28 10
2 16
13 13
24 17
29 13
5 10
4 2
10 14
29 18
30 17
8 8
22 16
16 20
21 15
0 21
18 14
21 6
23 14
14 12
20 8
2 4
8 5
19 7
23 19
10 2
17 22
23 13
13 7
13 21
3 6
8 11
28 15
29 17
22 12
10 20
29 19
6 3
11 11
27 1
2 9
2 3
8 14
22 8
16 13
8 10
8 21
23 9
16 10
25 3
9 8
26 11
26 7
16 2
21 21
3 22
30 6
22 1
24 11
27 14
29 3
6 17
11 1
19 1
16 14
15 15
28 18
29 5
27 7
16 9
11 7
23 10
1 8
0 14
0 3
23 7
23 3
23 18
7 9
8 20
1 0
9 18
22 2
10 21
12 5
3 19
1 18
3 4
6 2
22 9
6 13
25 13
5 21
15 18
18 11
25 5
30 7
26 0
5 17
0 22
6 5
12 20
5 9
20 6
21 3
5 20
23 15
0 9
25 10
26 20
5 6
15 8
7 21
20 0
16 17
16 7
3 11
10 22
10 8
3 0
19 5
24 12
17 13
8 13
30 13
13 10
18 21
24 22
30 16
29 4
24 13
20 14
25 2
18 22
1 17 15
0 5
0 15
0 9
0 8
0 6
0 13
0 14
0 2
0 4
0 3
0 7
0 11
0 12
0 10
0 0
0 16
0 10
0 14
0 3
0 5
0 1
0 7
0 13
0 9
0 11
0 6
0 15
0 8
0 0
0 2
21 31 501
15 3
12 10
8 20
14 6
9 11
20 6
4 23
13 24
13 26
9 1
9 25
6 6
3 30
12 22
15 29
1 20
1 24
13 29
4 19
11 27
4 4
8 4
15 10
8 27
4 5
0 3
16 30
20 1
8 6
4 24
19 14
15 12
5 19
8 25
5 15
15 1
12 23
2 27
17 23
7 27
6 3
9 17
16 16
15 14
17 21
12 4
0 19
10 2
9 29
7 18
12 8
3 27
14 5
14 28
9 6
3 26
12 11
9 0
10 7
6 11
12 17
16 29
11 2
20 15
14 16
17 28
2 23
12 25
5 1
13 20
17 20
4 6
6 21
5 4
14 21
14 27
15 2
14 17
10 1
0 20
1 23
18 23
3 13
7 16
14 9
8 19
4 22
10 22
2 7
4 15
13 17
18 17
18 15
1 1
19 20
3 9
1 11
17 12
10 29
11 0
16 7
1 2
12 14
17 14
12 2
8 1
18 13
17 16
18 11
7 15
10 15
15 18
5 0
17 6
6 5
10 5
17 18
14 24
16 12
17 25
5 11
8 30
11 28
10 24
1 21
19 5
17 8
12 1
16 28
20 12
4 12
13 18
15 4
16 19
13 4
19 30
20 10
8 18
17 13
20 23
0 22
3 19
4 13
18 5
12 26
1 8
0 0
15 20
15 11
14 23
20 22
0 8
20 24
4 28
7 0
5 24
14 29
16 26
11 12
13 2
12 15
14 15
11 18
5 17
12 21
3 16
2 15
7 7
10 19
5 20
18 7
9 23
10 30
16 24
12 9
6 0
3 3
4 14
7 5
18 14
13 3
16 0
13 11
9 4
6 8
2 12
6 20
9 2
17 15
4 17
15 23
1 27
10 12
15 25
2 4
3 29
9 8
8 21
15 17
12 16
13 27
20 25
16 11
10 13
8 3
1 7
1 18
16 5
6 14
16 22
7 2
4 10
20 2
11 8
0 11
16 18
1 3
3 18
5 12
3 25
2 22
14 25
12 29
0 16
17 19
1 15
20 3
17 9
0 17
8 28
3 21
8 29
6 23
6 1
11 19
10 23
15 30
8 22
6 16
19 2
19 9
20 26
11 13
5 26
10 3
10 11
0 1
4 16
16 4
3 6
16 15
18 4
17 3
17 29
19 27
20 20
10 21
6 27
9 13
10 10
5 28
16 6
12 6
1 13
2 13
7 28
10 16
5 6
8 7
13 13
11 29
12 30
9 22
1 6
4 29
9 24
20 29
0 2
3 1
2 14
5 22
5 7
18 27
16 3
13 21
12 0
0 7
10 27
14 12
15 27
20 14
14 11
5 8
20 5
8 26
14 10
0 25
0 12
8 13
4 21
8 15
6 19
8 16
13 14
19 29
1 29
3 20
8 0
6 25
20 18
11 6
19 17
15 21
14 2
14 19
9 16
15 26
2 24
7 25
5 18
13 30
17 5
9 9
0 24
0 13
11 16
6 2
3 22
19 0
3 28
18 16
15 13
0 14
20 27
9 18
19 19
10 28
4 20
11 5
12 19
5 27
18 25
14 18
11 11
7 22
3 23
6 28
13 8
13 6
13 1
7 21
9 26
6 24
6 30
6 9
12 18
1 16
1 26
2 26
10 14
18 29
0 21
10 0
4 7
20 21
4 11
19 28
0 26
20 13
16 1
2 20
6 26
5 2
6 10
6 4
7 30
7 3
5 14
17 0
0 15
0 6
16 20
4 27
2 8
17 24
16 14
10 6
17 17
13 0
12 13
16 23
7 20
8 9
11 23
20 8
5 16
8 23
11 17
9 14
14 22
2 3
19 13
2 18
0 5
16 13
1 19
10 25
13 19
19 3
7 23
15 28
2 2
7 8
5 23
0 30
2 10
9 27
4 18
14 1
3 0
18 12
17 4
3 8
20 7
13 10
4 8
11 21
20 11
11 9
7 1
1 22
8 24
19 22
6 15
16 21
1 17
3 15
2 11
18 30
8 8
9 30
14 13
15 5
0 23
0 27
11 4
11 24
0 18
12 5
18 8
18 1
8 5
2 29
15 7
1 28
14 26
0 10
3 11
2 28
14 4
18 10
6 18
7 19
3 24
2 19
20 28
19 8
13 12
20 0
7 4
18 28
15 8
9 10
1 9
3 14
8 2
5 21
20 19
19 23
2 25
19 25
14 20
16 17
7 29
4 9
2 0
2 17
11 25
1 25
9 5
10 18
18 24
4 0
16 8
19 26
19 15
10 17
13 25
8 14
7 6
5 5
11 17
15 2
0 29
0 27
10 20
18 11
11 0
18 7
15 20
16 7
13 17
3 2
10 8
3 29
4 19
0 22
2 16
17 18
11 26
10 22
3 13
14 3
4 0
12 6
20 1
18 17
8 5
13 20
18 15
4 22
1 18
13 7
13 3
4 13
3 7
1 9
19 2
20 0
6 19
17 22
17 17
13 4
13 26
18 8
7 12
3 5
20 26
6 11
18 4
12 9
14 23
6 12
1 7
19 0
15 8
14 27
13 11
18 6
4 24
15 17
1 26
8 2
10 30
20 11
11 5
6 23
3 1
5 0
13 25
4 27
13 1
9 8
8 7
8 24
12 10
15 28
1 28
4 3
13 14
14 26
6 27
14 19
2 6
16 15
4 4
1 13
1 14
19 8
4 28
19 27
6 17
5 21
20 12
19 4
2 30
9 14
15 15
16 3
0 24
4 30
7 8
14 7
0 18
6 2
6 16
8 20
14 12
8 21
2 20
18 25
2 2
20 16
5 2
11 20
10 1
20 9
10 26
9 29
14 28
9 16
4 17
18 5
2 10
4 18
0 20
9 0
4 26
5 24
9 1
9 4
12 28
8 9
19 7
7 10
15 26
6 8
10 23
5 7
0 19
6 5
20 22
6 7
10 27
11 1
19 3
1 10
9 7
19 26
19 20
17 15
8 13
0 13
20 18
11 30
12 11
2 5
18 22
18 28
8 4
1 0
6 6
3 15
1 15
12 2
19 16
9 25
6 21
16 10
6 0
8 3
8 28
6 14
15 6
12 25
10 17
7 11
11 2
20 24
16 12
3 9
14 29
12 3
18 1
15 4
16 16
5 12
6 30
1 21
20 10
3 0
1 6
14 5
14 14
15 1
5 8
14 11
5 19
9 10
1 30
2 13
2 14
20 27
0 6
17 23
4 8
19 24
5 3
14 21
4 2
20 15
12 13
14 18
20 8
1 16
0 2
12 7
3 25
7 29
10 9
8 25
10 24
5 30
9 11
17 30
7 25
14 17
3 26
8 8
13 8
0 3
0 17
7 2
19 13
20 6
15 16
14 15
20 7
14 13
9 19
8 12
2 24
17 6
7 28
5 16
15 9
8 29
10 0
7 5
13 29
14 4
3 24
6 18
7 7
16 19
5 14
9 17
8 1
10 28
18 9
20 29
18 27
3 12
20 14
18 19
15 11
5 10
5 20
5 27
7 3
4 10
13 10
12 27
13 16
17 20
16 30
16 21
4 5
10 16
3 21
2 25
11 19
20 19
14 16
19 1
5 17
15 0
17 13
11 13
10 18
11 29
9 15
2 3
17 11
8 11
3 3
17 25
12 20
2 4
17 12
11 9
7 16
1 29
5 4
1 17
0 21
16 24
0 4
14 10
4 14
14 6
3 4
7 1
11 27
15 23
4 21
11 8
18 14
16 27
8 6
4 1
19 25
3 22
19 28
2 1
1 20
5 25
9 28
17 16
12 19
17 4
12 1
2 27
12 15
7 0
0 14
10 5
7 14
5 26
2 8
8 19
11 7
6 10
7 30
12 4
20 21
17 1
4 16
12 21
16 2
16 13
7 21
7 17
17 8
11 22
15 27
16 17
13 27
9 27
14 9
12 0
1 11
18 30
17 9
2 0
10 25
19 12
5 23
2 23
5 13
2 21
11 16
8 26
3 30
13 9
3 10
6 13
16 22
7 24
16 18
0 7
10 10
15 14
12 12
14 0
8 17
19 14
15 29
13 2
16 4
7 18
19 23
13 19
17 27
1 12
19 6
19 17
16 20
5 11
17 14
17 0
8 23
13 21
20 3
20 25
0 30
0 1
11 3
16 29
9 24
5 22
12 5
20 2
9 13
18 13
17 5
20 23
13 0
12 8
17 19
0 25
6 15
10 19
3 20
5 29
17 10
8 16
20 4
8 22
12 26
18 2
10 29
11 24
14 24
8 10
1 22
19 19
3 19
1 1
16 28
15 24
13 6
1 2
11 28
4 15
18 16
7 15
0 8
18 21
11 11
3 6
0 0
20 30
19 5
15 10
13 18
18 0
18 12
15 3
9 12
16 6
9 2
0 23
18 23
9 30
1 23
8 14
19 10
6 25
8 27
9 18
1 3
0 26
12 23
2 22
9 21
0 16
2 7
15 22
17 21
3 11
20 20
5 18
5 5
4 7
2 12
5 6
19 15
8 15
5 9
6 1
1 19
13 30
16 23
11 14
11 21
16 1
6 29
18 18
6 3
4 9
16 5
3 10 4
0 4
0 5
1 9
2 0
2 6
2 0
0 0
2 2
23 25 106
19 18
2 5
13 19
0 16
16 13
12 14
22 17
13 16
11 7
11 19
18 22
22 8
11 15
0 2
17 22
5 19
7 9
6 17
22 4
13 12
2 21
1 5
4 5
21 23
2 22
5 13
16 10
11 20
20 3
5 21
14 7
10 19
10 2
4 19
22 22
18 4
6 13
4 7
3 0
14 21
19 3
17 4
1 16
16 6
7 22
2 19
13 7
4 6
9 6
12 10
21 24
12 23
21 17
8 0
9 3
12 9
2 10
3 18
14 20
10 1
21 10
17 14
22 0
20 9
7 24
19 12
8 13
21 0
1 20
0 18
4 3
10 20
8 4
6 15
15 9
3 10
16 24
22 2
7 19
13 2
17 3
5 6
10 13
9 5
3 17
5 1
22 12
13 10
15 12
17 16
2 9
0 10
21 8
0 17
11 0
10 17
17 21
2 16
12 21
20 16
8 11
19 5
22 5
9 18
7 11
8 24
3 4
21 4
15 15
20 8
18 10
3 22
8 22
7 7
9 4
14 24
19 20
5 7
0 2
13 0
3 6
2 18
6 2
13 9
13 24
19 22
10 14
22 13
3 2
7 13
18 21
17 0
8 23
20 15
17 4
11 17
0 9
10 2
0 21
1 7
6 15
0 18
17 10
1 21
20 13
2 13
2 20
11 18
22 17
16 21
11 9
0 14
13 23
4 8
2 8
6 12
15 7
7 10
21 13
12 2
21 2
22 18
19 3
20 14
18 9
14 15
6 11
13 11
12 20
4 22
5 24
14 17
18 0
15 10
1 19
15 8
18 11
16 12
15 24
9 23
21 6
8 7
9 9
20 18
4 21
18 7
14 8
8 8
14 19
22 5
19 1
16 3
1 14
17 11
4 15
10 5
14 21
13 12
8 20
7 6
21 1
0 0
9 12
18 24
3 5
11 3
16 14
0 20
5 21
0 11
0 24
19 15
31 10 256
23 8
11 3
1 8
14 0
14 8
27 9
6 8
4 1
2 0
26 0
21 6
19 8
20 9
20 2
28 1
6 0
1 9
1 0
11 1
21 3
5 5
25 9
28 5
13 6
9 1
0 6
7 9
28 4
18 8
26 5
27 3
0 8
30 7
0 3
7 8
12 4
18 7
23 1
7 2
0 7
20 3
13 0
27 2
7 5
2 9
27 0
5 1
14 2
25 0
4 3
5 0
1 5
13 2
21 0
5 7
18 5
19 6
22 9
24 2
24 5
13 8
0 5
16 3
7 1
17 8
29 7
18 9
19 5
26 7
5 9
16 1
7 6
20 1
28 8
10 4
16 9
30 4
27 7
12 6
18 2
14 9
6 5
17 2
5 6
6 7
10 6
17 0
29 1
28 6
23 2
17 6
1 4
22 3
2 1
24 6
25 3
0 4
8 5
11 6
16 4
4 5
23 0
9 5
8 0
24 4
6 2
18 1
12 0
8 3
20 7
30 0
13 9
7 7
23 7
22 5
30 6
11 4
29 5
19 3
27 4
26 9
0 2
9 8
23 9
27 5
25 4
13 5
9 7
7 0
0 0
17 4
16 2
5 2
23 3
29 2
8 8
15 3
17 1
22 2
9 0
3 4
21 9
14 7
27 8
11 2
14 4
3 9
2 2
6 3
12 5
28 0
1 1
10 8
8 7
12 1
13 7
29 6
9 9
3 5
15 7
19 0
15 8
26 2
25 5
14 1
13 1
1 3
8 4
10 7
2 7
3 8
29 3
12 7
21 7
22 7
15 4
24 3
4 6
23 6
3 3
22 6
22 0
10 3
4 4
21 4
20 4
28 2
16 6
28 7
19 7
8 6
22 8
11 8
11 9
18 6
6 4
18 3
15 1
30 9
15 6
21 1
9 2
4 9
25 2
18 4
23 4
9 4
30 8
7 3
26 8
17 5
8 9
24 1
24 8
1 7
5 4
10 2
19 9
1 2
15 9
4 0
29 9
3 6
14 5
8 2
10 5
13 4
12 8
3 2
0 9
15 0
17 7
19 2
26 1
2 8
3 7
10 0
25 1
12 9
24 7
27 6
16 5
22 1
30 3
17 3
10 9
2 5
24 9
17 9
28 9
9 3
12 3
2 6
5 8
13 3
26 3
0 9
23 8
17 3
0 0
23 2
29 6
22 3
30 8
17 4
16 1
29 8
27 6
7 1
0 1
17 8
28 9
28 5
27 5
11 7
12 1
30 5
29 0
10 2
18 1
11 4
30 6
14 0
12 6
1 2
16 0
6 3
3 5
30 1
15 9
24 0
10 0
5 0
11 8
2 2
10 9
0 4
21 3
3 3
5 2
22 0
0 3
15 2
25 8
5 5
24 6
7 7
20 9
13 8
25 1
25 3
19 0
30 4
17 7
13 3
13 4
14 9
27 2
22 4
0 2
16 6
11 9
7 8
11 3
6 2
27 1
2 3
14 4
18 6
26 3
6 6
5 9
20 5
13 7
24 2
26 9
28 8
27 3
4 5
1 6
12 8
13 1
19 6
21 1
12 5
2 1
18 8
17 6
22 2
6 5
19 7
19 3
1 3
18 5
29 5
15 3
18 0
21 4
26 7
2 6
14 2
20 3
25 0
13 6
22 7
26 6
5 3
11 1
19 4
13 0
20 8
16 2
6 7
23 1
26 2
2 9
4 7
21 5
29 7
28 4
19 2
20 4
0 5
14 6
12 0
24 5
23 4
17 1
25 2
23 3
22 1
8 8
29 2
3 7
11 6
23 6
4 2
26 8
16 3
20 6
2 5
3 6
4 4
9 7
15 6
15 5
19 5
5 6
11 2
14 1
19 8
8 5
22 9
15 8
12 2
24 7
22 8
16 4
18 3
12 9
27 0
24 8
16 9
23 7
17 9
4 0
7 5
2 4
16 5
13 2
2 0
29 4
19 9
3 9
9 6
9 0
26 5
22 5
27 8
27 7
29 3
8 0
22 6
30 7
24 9
10 3
29 9
14 7
23 9
25 6
9 4
6 8
4 1
23 5
5 1
3 4
0 6
20 1
21 8
30 0
24 3
15 0
17 2
1 4
4 8
12 4
28 3
21 7
28 7
27 9
2 7
5 8
11 5
4 9
18 4
14 5
5 7
28 2
8 6
8 9
17 0
20 2
7 9
18 2
0 7
8 7
27 4
8 4
21 6
5 4
10 8
3 0
28 0
1 5
7 0
9 8
25 5
21 9
24 4
23 0
26 4
15 7
25 4
30 3
6 0
1 0
6 9
30 2
1 8
12 7
10 4
9 3
1 3 2
0 1
0 2
0 1
0 0
20 4 2
11 3
9 3
0 3
1 2