100
3
0 61 68 
3
66 12 75 
3
91 21 31 
3
86 45 42 
3
87 54 5 
3
28 39 67 
3
87 99 17 
3
10 87 48 
3
57 45 39 
3
22 34 13 
3
56 34 74 
3
23 100 52 
3
99 56 74 
3
96 41 18 
3
4 27 39 
3
9 56 78 
3
43 42 43 
3
60 53 96 
3
74 76 7 
3
12 65 41 
3
92 20 75 
3
32 9 40 
3
84 7 97 
3
23 70 37 
3
8 74 65 
3
47 49 20 
3
91 92 28 
3
33 17 47 
3
29 57 90 
3
36 70 54 
3
43 27 40 
3
17 59 49 
3
57 43 23 
3
53 66 93 
3
57 74 32 
3
21 87 81 
3
7 78 39 
3
1 77 56 
3
49 72 13 
3
4 74 49 
3
58 16 76 
3
64 100 1 
3
12 57 44 
3
1 76 76 
3
60 32 16 
3
92 19 2 
3
39 26 46 
3
78 28 90 
3
33 43 27 
3
12 47 68 
3
27 71 84 
3
70 34 84 
3
71 46 6 
3
81 14 48 
3
56 74 81 
3
72 32 100 
3
41 71 93 
3
87 48 87 
3
42 47 29 
3
70 26 76 
3
37 19 46 
3
87 89 80 
3
36 59 92 
3
8 39 72 
3
57 62 46 
3
3 33 78 
3
2 40 14 
3
61 94 62 
3
47 35 75 
3
76 71 0 
3
17 7 20 
3
29 61 75 
3
75 97 0 
3
33 5 39 
3
4 28 67 
3
50 31 67 
3
94 100 6 
3
74 61 100 
3
35 7 1 
3
77 50 72 
3
43 33 46 
3
63 63 6 
3
4 37 2 
3
4 70 74 
3
43 75 1 
3
77 91 32 
3
43 51 32 
3
49 24 59 
3
15 26 32 
3
16 2 48 
3
88 45 82 
3
33 75 44 
3
5 79 47 
3
8 83 84 
3
48 92 24 
3
50 68 81 
3
48 77 31 
3
46 26 22 
3
71 7 14 
3
3 23 83 
