899
1 4
1 5
1 8
1 9
1 12
1 21
1 27
1 30
1 35
1 36
1 43
1 44
1 47
1 59
1 60
1 62
1 63
1 65
1 66
1 68
1 69
1 70
1 75
1 77
1 79
1 86
1 88
1 91
2 4
2 8
2 10
2 13
2 18
2 19
2 22
2 38
2 43
2 52
2 58
2 59
2 66
2 75
2 78
3 8
3 10
3 17
3 19
3 23
3 30
3 36
3 37
3 40
3 44
3 46
3 48
3 49
3 50
3 57
3 63
3 71
3 74
3 75
3 79
3 80
3 91
4 7
4 9
4 10
4 14
4 19
4 27
4 28
4 33
4 38
4 43
4 48
4 52
4 53
4 57
4 58
4 59
4 60
4 61
4 67
4 74
4 81
4 85
4 89
5 7
5 8
5 9
5 14
5 15
5 16
5 17
5 18
5 21
5 23
5 24
5 25
5 29
5 32
5 36
5 41
5 42
5 43
5 45
5 51
5 62
5 66
5 73
5 75
5 79
6 7
6 8
6 21
6 24
6 30
6 31
6 45
6 47
6 49
6 52
6 64
6 73
6 77
6 79
6 85
7 13
7 19
7 20
7 24
7 25
7 33
7 53
7 55
7 57
7 59
7 63
7 65
7 66
7 83
7 87
7 93
8 10
8 15
8 16
8 19
8 23
8 26
8 27
8 30
8 32
8 35
8 37
8 38
8 39
8 44
8 52
8 54
8 62
8 68
8 76
8 78
8 79
8 81
8 85
8 86
8 87
8 92
8 93
9 13
9 18
9 27
9 44
9 51
9 53
9 55
9 68
9 73
9 85
10 11
10 25
10 27
10 36
10 53
10 54
10 61
10 63
10 71
10 72
10 75
10 83
10 85
10 86
10 88
11 13
11 15
11 19
11 42
11 50
11 53
11 55
11 56
11 61
11 62
11 65
11 75
11 76
11 80
11 83
11 90
12 16
12 22
12 33
12 40
12 41
12 42
12 43
12 48
12 53
12 54
12 59
12 61
12 65
12 67
12 76
12 82
12 83
13 14
13 16
13 20
13 24
13 26
13 27
13 35
13 37
13 41
13 46
13 47
13 50
13 52
13 53
13 55
13 56
13 57
13 61
13 62
13 66
13 72
13 78
13 85
13 90
14 15
14 17
14 19
14 24
14 30
14 32
14 37
14 40
14 49
14 52
14 53
14 61
14 63
14 65
14 81
14 83
14 85
14 86
14 89
15 18
15 23
15 26
15 28
15 29
15 32
15 40
15 47
15 49
15 50
15 52
15 63
15 65
15 68
15 70
15 72
15 77
15 82
15 84
15 85
15 91
15 93
16 17
16 25
16 28
16 30
16 31
16 33
16 56
16 57
16 62
16 63
16 72
16 75
16 81
16 86
16 90
17 22
17 33
17 46
17 48
17 50
17 52
17 54
17 57
17 63
17 65
17 66
17 68
17 71
17 85
18 27
18 30
18 32
18 33
18 54
18 65
18 76
18 92
19 23
19 25
19 31
19 33
19 41
19 44
19 45
19 48
19 51
19 60
19 63
19 65
19 69
19 70
19 71
19 74
19 81
19 83
20 25
20 27
20 29
20 30
20 32
20 37
20 40
20 50
20 52
20 60
20 70
20 71
20 77
20 78
20 80
20 90
21 26
21 35
21 42
21 44
21 47
21 51
21 54
21 61
21 62
21 71
21 79
21 84
21 87
22 24
22 25
22 28
22 34
22 49
22 52
22 57
22 59
22 72
22 75
22 85
23 35
23 36
23 38
23 47
23 48
23 52
23 54
23 62
23 79
23 84
24 33
24 34
24 47
24 50
24 58
24 63
24 68
24 70
24 74
24 76
24 78
25 29
25 30
25 57
25 61
25 63
25 65
25 67
25 68
25 69
25 72
25 74
25 80
25 81
25 83
25 84
25 88
25 90
26 27
26 33
26 35
26 38
26 42
26 45
26 49
26 52
26 60
26 61
26 76
26 83
26 85
26 86
26 93
27 30
27 31
27 36
27 46
27 61
27 64
27 72
27 75
27 79
27 82
27 83
27 84
27 85
27 89
27 91
27 93
28 31
28 34
28 37
28 38
28 43
28 49
28 51
28 56
28 59
28 61
28 64
28 66
28 71
28 84
28 85
28 90
29 36
29 38
29 52
29 56
29 62
29 79
29 88
29 90
30 32
30 34
30 40
30 43
30 45
30 46
30 49
30 51
30 52
30 53
30 56
30 62
30 71
30 73
30 76
30 78
30 80
30 81
30 82
30 84
30 88
31 46
31 47
31 50
31 58
31 60
31 65
31 73
31 93
32 35
32 36
32 41
32 46
32 51
32 55
32 57
32 63
32 68
32 70
32 72
32 73
32 87
32 91
33 36
33 49
33 52
33 59
33 65
33 68
33 70
33 71
33 74
33 75
33 85
33 88
33 89
34 51
34 58
34 72
35 42
35 44
35 50
35 52
35 83
36 47
36 49
36 54
36 66
36 68
36 69
36 76
36 77
36 78
36 81
36 83
36 87
36 88
36 90
37 50
37 51
37 62
37 65
37 71
37 83
37 91
38 42
38 49
38 57
38 58
38 59
38 66
38 68
38 76
38 90
38 91
39 41
39 42
39 43
39 46
39 47
39 50
39 52
39 55
39 58
39 59
39 61
39 64
39 76
39 81
39 82
40 57
40 90
41 42
41 47
41 48
41 53
41 54
41 62
41 63
41 64
41 84
41 90
41 92
42 51
42 55
42 57
42 59
42 61
42 62
42 64
42 65
42 68
42 71
42 73
42 74
42 77
42 83
42 86
42 88
42 93
43 52
43 57
43 63
43 65
43 74
43 84
43 85
44 47
44 51
44 54
44 56
44 58
44 59
44 68
44 77
44 82
44 89
44 93
45 49
45 55
45 56
45 57
45 62
45 68
45 75
45 80
45 87
45 88
45 90
46 49
46 50
46 52
46 54
46 60
46 63
46 64
46 67
46 70
46 71
46 75
46 83
46 87
46 88
47 48
47 50
47 54
47 61
47 62
47 63
47 65
47 69
47 70
47 79
47 81
47 90
48 50
48 57
48 62
48 64
48 66
48 75
48 80
49 51
49 54
49 59
49 60
49 61
49 65
49 66
49 67
49 68
49 69
49 80
49 81
49 82
49 84
49 85
49 87
50 54
50 55
50 59
50 60
50 63
50 64
50 65
50 70
50 73
50 76
50 79
50 84
50 87
50 90
50 91
50 92
51 53
51 56
51 66
51 75
51 80
51 81
51 87
51 91
52 54
52 60
52 61
52 62
52 73
52 75
52 81
52 83
52 84
52 89
52 90
53 55
53 56
53 62
53 70
53 74
53 78
53 84
53 86
53 91
53 92
54 58
54 65
54 84
54 85
55 59
55 61
55 63
55 64
55 65
55 69
55 74
55 81
55 83
55 88
55 90
55 92
56 64
56 65
56 71
56 73
57 59
57 62
57 63
57 66
57 74
57 75
57 77
57 78
57 81
57 88
58 60
58 64
58 65
58 68
58 71
58 78
58 83
58 89
58 90
58 92
58 93
59 60
59 68
59 84
59 85
59 86
59 89
59 92
59 93
60 62
60 63
60 67
60 70
60 73
60 85
60 91
61 63
61 64
61 65
61 81
61 84
61 87
62 68
62 69
62 71
62 79
62 82
62 83
62 85
62 91
62 92
63 68
63 72
63 75
63 83
63 85
64 66
64 69
64 70
64 77
64 78
64 81
64 83
64 84
65 67
65 73
65 76
65 87
65 88
66 71
66 84
66 86
66 87
66 90
67 80
68 70
68 76
68 83
68 85
68 86
68 88
69 71
69 73
69 83
70 71
70 79
70 84
71 78
71 81
71 85
71 87
71 90
72 77
72 84
72 88
73 77
73 78
73 79
73 81
73 87
73 90
73 91
75 85
75 91
76 80
76 84
77 81
77 82
77 84
77 93
78 92
79 81
79 82
79 83
79 85
79 92
80 83
80 88
81 91
81 92
82 86
83 87
83 90
83 93
84 92
85 88
85 89
85 90
86 88
88 90
88 92
89 92
90 92
90 93
144
1 6
1 10
1 15
1 16
1 18
1 19
1 23
1 28
1 29
1 30
1 33
2 11
2 16
2 18
2 21
2 25
2 26
2 28
2 29
3 5
3 16
3 17
3 18
3 28
3 33
4 5
4 8
4 12
4 17
4 18
4 21
4 22
4 27
4 28
4 29
4 32
5 12
5 14
5 16
5 18
5 23
5 24
5 26
5 28
5 33
6 10
6 15
6 16
6 19
6 27
7 18
7 23
7 27
7 31
8 13
8 16
8 18
8 19
8 23
9 10
9 15
9 17
9 19
9 21
9 22
9 24
9 29
9 30
9 33
10 14
10 18
10 22
10 23
10 26
10 28
10 29
10 30
10 31
11 12
11 16
11 17
11 19
11 24
11 26
11 27
11 31
12 16
12 17
12 29
12 32
13 15
13 17
13 18
13 22
13 24
13 26
13 29
13 32
14 15
14 21
14 22
14 23
14 24
14 26
14 27
14 29
15 21
15 24
15 31
16 23
16 31
17 22
17 24
17 27
17 29
17 31
18 27
19 21
19 23
19 27
19 28
19 31
19 33
20 29
21 23
21 32
21 33
22 28
22 32
23 31
24 27
24 30
24 32
25 28
25 29
25 30
26 28
26 29
26 32
26 33
27 28
27 32
29 30
31 33
440
1 5
1 7
1 14
1 16
1 19
1 21
1 22
1 26
1 28
1 31
1 36
1 42
1 50
1 51
1 55
1 58
1 59
1 61
2 9
2 11
2 16
2 21
2 24
2 29
2 30
2 31
2 32
2 34
2 39
2 43
2 48
2 56
2 60
3 7
3 9
3 12
3 15
3 24
3 28
3 42
3 46
3 48
3 60
4 8
4 12
4 16
4 17
4 21
4 22
4 27
4 28
4 33
4 61
4 62
5 10
5 13
5 17
5 20
5 23
5 24
5 29
5 32
5 33
5 34
5 40
5 42
5 48
5 51
5 53
5 60
6 8
6 18
6 20
6 26
6 28
6 31
6 39
6 41
6 44
6 45
6 59
6 60
6 61
6 62
7 10
7 14
7 17
7 26
7 28
7 31
7 32
7 33
7 35
7 41
7 43
8 11
8 20
8 25
8 28
8 34
8 49
8 50
8 51
8 59
8 61
8 63
9 17
9 22
9 26
9 31
9 34
9 39
9 48
9 53
9 61
9 62
9 63
10 16
10 18
10 19
10 21
10 22
10 27
10 31
10 32
10 33
10 44
10 46
10 48
10 50
10 52
10 59
10 60
11 12
11 15
11 20
11 22
11 28
11 34
11 35
11 38
11 40
11 43
11 45
11 46
11 50
11 51
11 59
11 60
12 13
12 14
12 19
12 25
12 30
12 39
12 41
12 42
12 46
12 48
12 55
12 56
12 63
13 22
13 24
13 29
13 34
13 39
13 41
13 42
13 45
13 49
13 50
13 63
14 15
14 16
14 20
14 21
14 30
14 32
14 34
14 40
14 42
14 43
14 44
14 52
14 63
15 17
15 21
15 23
15 25
15 29
15 31
15 45
15 48
15 50
15 53
15 56
15 60
15 63
16 19
16 26
16 30
16 38
16 39
16 41
16 47
16 48
16 50
16 56
16 57
16 60
16 61
17 19
17 23
17 24
17 27
17 35
17 36
17 37
17 45
17 46
17 53
17 54
17 58
18 22
18 29
18 37
18 47
18 48
18 50
18 53
18 57
18 60
18 62
19 22
19 23
19 24
19 27
19 29
19 35
19 37
19 38
19 43
19 44
19 45
19 48
19 49
19 56
19 62
19 63
20 21
20 33
20 36
20 47
20 49
20 59
21 24
21 29
21 34
21 36
21 50
21 59
21 60
21 62
22 26
22 28
22 31
22 33
22 36
22 42
22 47
23 28
23 31
23 36
23 39
23 41
23 45
23 49
23 59
23 60
24 25
24 30
24 32
24 33
24 42
24 45
24 60
25 26
25 27
25 31
25 33
25 35
25 39
25 45
25 47
25 50
25 51
25 56
26 28
26 33
26 35
26 36
26 40
26 51
26 56
26 59
26 60
27 28
27 42
27 50
27 56
27 59
27 61
28 31
28 35
28 44
28 45
28 51
28 53
28 56
28 57
28 58
29 30
29 31
29 45
29 49
29 52
29 56
29 62
29 63
30 31
30 33
30 53
30 54
30 57
30 60
31 34
31 36
31 46
31 53
31 61
32 39
32 42
32 48
32 53
32 54
32 58
32 61
32 62
33 34
33 36
33 37
33 42
34 40
34 44
34 47
34 49
34 50
34 55
34 57
34 59
34 61
34 62
35 37
35 44
35 46
35 48
35 51
35 52
35 56
35 59
35 60
35 61
35 62
36 45
36 47
36 48
36 49
36 61
36 62
37 39
37 44
37 50
37 62
38 39
38 42
38 45
38 46
38 53
39 42
39 52
39 62
40 54
40 56
40 57
40 59
40 61
41 53
41 59
42 46
42 57
42 58
43 45
43 52
43 54
43 62
44 45
44 50
44 57
44 61
45 49
45 50
45 59
46 55
46 59
46 60
47 50
47 52
47 60
47 62
48 50
48 61
49 55
50 54
50 62
51 53
51 56
51 59
51 60
51 61
52 56
53 56
53 63
54 55
54 62
55 57
56 59
56 61
59 60
61 63
585
1 2
1 6
1 9
1 13
1 15
1 17
1 19
1 21
1 23
1 29
1 30
1 31
1 32
1 39
1 40
1 45
1 49
1 54
1 57
1 62
1 63
1 64
1 65
1 70
1 71
2 8
2 15
2 18
2 19
2 25
2 26
2 27
2 30
2 33
2 37
2 39
2 40
2 43
2 49
2 53
2 55
2 57
2 63
2 64
2 65
2 67
2 68
2 69
2 71
3 5
3 7
3 14
3 21
3 40
3 46
3 49
3 50
3 60
3 65
3 67
3 70
3 72
4 12
4 21
4 23
4 26
4 27
4 28
4 30
4 31
4 38
4 40
4 43
4 44
4 69
4 70
4 71
4 72
5 15
5 16
5 18
5 34
5 56
5 69
6 12
6 14
6 17
6 26
6 31
6 32
6 33
6 35
6 36
6 43
6 44
6 50
6 51
6 52
6 55
6 58
6 60
6 64
6 65
6 68
6 69
7 8
7 18
7 19
7 21
7 22
7 26
7 34
7 37
7 43
7 49
7 50
7 55
7 57
7 60
7 70
7 72
8 11
8 18
8 20
8 21
8 36
8 38
8 42
8 43
8 54
8 55
8 57
8 60
8 64
8 67
8 68
9 10
9 12
9 18
9 21
9 22
9 27
9 28
9 37
9 46
9 49
9 50
9 59
9 60
9 69
9 70
10 11
10 20
10 22
10 24
10 27
10 34
10 38
10 42
10 52
10 55
10 56
10 57
10 58
10 60
10 65
10 69
11 14
11 20
11 28
11 32
11 46
11 55
11 58
11 70
12 21
12 22
12 33
12 36
12 37
12 39
12 40
12 56
12 63
12 71
13 14
13 18
13 19
13 21
13 24
13 26
13 35
13 36
13 38
13 40
13 42
13 43
13 47
13 56
13 64
13 65
13 70
13 71
14 22
14 24
14 31
14 38
14 40
14 41
14 42
14 44
14 46
14 50
14 52
14 57
14 58
14 59
14 61
14 62
14 64
14 65
14 68
14 71
14 72
15 16
15 17
15 29
15 30
15 32
15 46
15 48
15 50
15 58
15 70
15 71
16 20
16 21
16 30
16 40
16 45
16 54
16 58
16 60
16 68
17 20
17 21
17 28
17 31
17 42
17 43
17 52
17 55
17 63
17 67
17 70
18 26
18 29
18 38
18 45
18 47
18 51
18 58
18 60
18 68
19 21
19 22
19 23
19 32
19 46
19 48
19 53
19 54
19 59
19 60
19 61
19 65
19 67
19 71
20 27
20 30
20 32
20 38
20 41
20 43
20 50
20 52
20 55
20 57
20 58
20 61
20 62
21 24
21 26
21 34
21 36
21 37
21 44
21 47
21 51
21 53
21 54
21 61
21 67
21 68
21 72
22 40
22 51
22 62
22 71
22 72
23 24
23 26
23 28
23 31
23 43
23 50
23 55
23 58
23 63
23 67
23 69
24 29
24 33
24 36
24 38
24 40
24 42
24 45
24 46
24 50
24 52
24 65
24 69
25 31
25 38
25 49
25 52
25 58
25 59
25 64
25 70
26 29
26 37
26 48
26 50
26 51
26 53
26 54
26 58
26 65
26 66
26 68
26 70
27 36
27 50
27 56
27 64
28 34
28 45
28 54
28 55
28 68
28 71
29 36
29 39
29 56
29 57
29 61
29 67
29 68
29 70
30 32
30 38
30 47
30 52
30 57
30 62
30 66
30 67
30 68
30 71
31 32
31 33
31 37
31 42
31 43
31 46
31 47
31 49
31 64
31 66
31 70
32 34
32 35
32 37
32 41
32 46
32 54
32 56
32 59
32 60
32 64
33 38
33 40
33 43
33 50
33 51
33 53
33 56
33 60
33 61
33 63
33 64
33 68
34 42
34 44
34 45
34 48
34 49
34 57
34 60
34 63
34 64
34 67
34 68
34 69
34 71
34 72
35 36
35 43
35 44
35 48
35 56
35 62
35 65
35 68
35 69
36 40
36 57
37 40
37 52
37 55
37 58
37 61
37 62
37 64
37 69
37 71
38 42
38 48
38 54
38 59
38 63
38 65
38 66
39 43
39 50
39 58
40 64
40 65
40 68
40 70
41 44
41 50
41 53
41 55
41 56
41 61
41 64
41 71
42 50
42 53
42 58
42 64
42 67
43 44
43 46
43 59
43 60
43 61
43 65
43 68
43 69
43 72
44 47
44 49
44 55
44 57
44 60
44 61
44 63
44 72
45 51
45 52
45 58
46 51
46 52
46 53
46 63
46 64
46 65
46 67
46 68
46 69
47 57
47 65
47 69
47 70
48 50
48 52
48 63
48 65
48 71
49 50
49 59
49 60
49 67
49 68
50 53
50 55
50 56
50 60
50 63
50 64
51 54
51 56
51 59
51 60
51 64
52 59
52 72
53 54
53 61
53 63
53 66
54 55
54 61
54 63
54 69
54 70
55 59
55 60
55 63
55 71
56 62
56 63
56 65
56 67
56 68
57 67
57 68
57 69
57 71
57 72
58 59
58 63
58 66
58 68
58 70
58 71
59 63
59 67
59 69
59 71
60 61
60 64
60 68
61 69
61 70
61 72
62 63
62 65
62 68
62 70
63 66
63 67
63 69
63 72
64 65
64 68
65 66
65 68
65 71
66 70
70 72
284
1 7
1 20
1 27
1 31
1 35
1 36
1 41
1 42
1 43
1 46
1 48
2 5
2 16
2 17
2 22
2 23
2 32
2 36
2 39
2 47
3 8
3 10
3 18
3 19
3 22
3 47
3 49
4 5
4 6
4 7
4 12
4 14
4 23
4 24
4 28
4 30
4 32
4 43
4 50
5 7
5 9
5 11
5 12
5 21
5 30
5 31
5 32
5 40
5 47
5 48
5 50
5 51
6 14
6 17
6 18
6 25
6 26
6 35
6 49
6 51
7 15
7 16
7 17
7 28
7 30
7 38
7 39
7 40
7 48
7 49
7 50
7 51
8 9
8 11
8 12
8 25
8 30
8 31
8 35
8 37
8 40
8 44
8 45
8 51
9 11
9 12
9 13
9 14
9 16
9 20
9 28
9 32
9 39
9 40
9 45
10 23
10 36
10 37
10 39
10 40
10 42
10 45
10 47
10 51
11 18
11 19
11 20
11 25
11 27
11 29
11 36
11 41
11 43
11 46
11 49
11 51
12 16
12 19
12 22
12 24
12 28
12 29
12 30
12 37
12 39
12 42
12 44
12 50
13 22
13 23
13 36
13 45
14 20
14 21
14 31
14 35
14 37
14 38
14 40
14 42
14 43
14 45
14 50
14 51
15 25
15 51
16 21
16 28
16 29
16 30
16 34
16 40
16 43
16 47
16 49
16 50
17 18
17 20
17 36
17 41
17 43
17 46
17 47
18 22
18 31
18 34
18 35
18 36
18 38
18 50
18 51
19 24
19 25
19 33
19 34
19 40
19 44
19 47
20 22
20 23
20 38
20 40
20 45
20 48
20 50
21 26
21 27
21 34
21 35
21 42
21 51
22 36
22 48
23 26
23 31
23 34
24 25
24 32
24 42
25 31
25 34
25 35
25 39
25 41
25 50
25 51
26 27
26 32
26 37
26 38
26 43
26 45
26 47
26 48
27 30
27 31
27 32
27 40
27 43
27 44
27 47
27 48
27 50
28 29
28 30
28 32
28 38
28 39
28 42
28 48
28 49
29 30
29 36
29 37
29 38
29 42
29 44
29 45
29 46
29 49
30 33
30 34
30 35
30 40
30 43
30 50
31 40
31 42
31 45
31 46
31 50
31 51
32 40
32 51
33 39
33 46
33 48
34 36
34 41
34 49
35 36
35 39
35 47
35 50
36 49
36 51
37 42
37 43
37 50
37 51
38 48
39 51
40 46
41 47
42 45
42 48
42 50
43 48
45 48
45 51
46 48
47 48
47 50
48 50
604
1 4
1 5
1 12
1 23
1 26
1 29
1 31
1 33
1 37
1 41
1 44
1 47
1 51
1 52
1 54
1 55
1 56
1 57
1 60
1 64
1 66
1 69
2 12
2 23
2 28
2 44
2 49
2 55
2 58
2 70
3 5
3 12
3 17
3 25
3 26
3 27
3 29
3 34
3 39
3 42
3 49
3 56
3 57
3 66
4 8
4 29
4 32
4 61
5 6
5 12
5 13
5 17
5 23
5 25
5 27
5 29
5 30
5 36
5 38
5 41
5 44
5 52
5 55
5 58
5 66
5 69
6 7
6 10
6 12
6 14
6 15
6 18
6 19
6 20
6 21
6 22
6 24
6 26
6 27
6 28
6 29
6 34
6 36
6 46
6 47
6 50
6 51
6 71
7 9
7 14
7 17
7 30
7 32
7 35
7 45
7 48
7 49
7 51
7 54
7 55
7 58
7 63
7 64
7 65
7 66
7 67
8 9
8 12
8 17
8 18
8 29
8 38
8 39
8 40
8 45
8 46
8 47
8 48
8 52
8 55
8 57
8 65
8 66
8 71
9 12
9 13
9 21
9 25
9 52
9 55
9 60
9 61
10 24
10 31
10 35
10 41
10 47
10 50
10 52
10 61
10 63
11 15
11 23
11 24
11 32
11 34
11 45
11 48
11 49
11 51
11 54
11 61
11 63
11 64
11 66
11 67
12 15
12 16
12 22
12 25
12 29
12 31
12 33
12 36
12 38
12 39
12 41
12 43
12 46
12 49
12 58
12 59
12 61
12 66
12 69
12 70
13 14
13 21
13 26
13 27
13 28
13 36
13 39
13 40
13 54
13 66
13 72
14 17
14 19
14 26
14 30
14 39
14 40
14 43
14 45
14 48
14 51
14 55
14 56
14 59
14 68
15 17
15 18
15 19
15 27
15 28
15 32
15 33
15 39
15 40
15 41
15 42
15 48
15 49
15 55
15 66
15 67
15 68
16 17
16 27
16 41
16 42
16 50
16 53
16 58
16 60
16 62
16 65
16 67
16 69
17 19
17 20
17 22
17 23
17 27
17 35
17 37
17 39
17 44
17 48
17 54
17 55
17 57
17 58
17 60
17 64
17 69
17 72
18 19
18 20
18 21
18 22
18 25
18 28
18 30
18 32
18 39
18 43
18 55
18 58
18 60
18 64
18 68
18 70
18 72
19 24
19 32
19 34
19 38
19 47
19 48
19 50
19 53
19 54
19 56
19 57
19 58
19 61
19 63
19 72
20 22
20 31
20 34
20 36
20 40
20 44
20 45
20 47
20 48
20 55
20 57
20 58
20 59
20 61
20 64
20 65
20 66
20 70
21 23
21 37
21 39
21 50
21 54
21 60
21 61
21 63
21 69
21 70
22 27
22 32
22 34
22 40
22 43
22 46
22 49
22 61
23 26
23 29
23 31
23 32
23 45
23 48
23 58
23 59
23 65
23 66
24 28
24 29
24 32
24 34
24 35
24 64
24 68
24 69
24 71
25 28
25 33
25 34
25 41
25 45
25 58
26 31
26 33
26 39
26 44
26 49
26 54
26 58
26 60
26 61
26 63
26 67
26 68
26 70
27 28
27 30
27 32
27 33
27 35
27 37
27 38
27 39
27 47
27 51
27 59
27 69
27 70
27 72
28 30
28 31
28 32
28 34
28 35
28 37
28 40
28 42
28 44
28 48
28 50
28 61
28 65
28 72
29 34
29 36
29 44
29 45
29 48
29 49
29 55
29 58
29 62
29 65
29 68
29 72
30 34
30 47
31 35
31 36
31 40
31 41
31 43
31 44
31 45
31 56
31 60
31 64
31 69
32 41
32 48
32 53
32 54
32 55
32 60
32 62
32 66
32 69
32 70
33 49
33 53
33 57
33 60
34 47
34 51
34 52
34 55
34 56
34 57
34 60
34 69
35 51
35 52
35 62
35 65
35 66
36 45
36 64
36 69
36 71
36 72
37 39
37 40
37 45
37 55
37 58
37 64
37 66
37 71
38 41
38 48
38 52
38 61
38 62
38 65
38 69
38 72
39 46
39 50
39 51
39 59
39 61
39 63
39 69
40 41
40 44
40 47
40 50
40 55
40 56
40 57
40 58
40 61
40 65
40 67
40 68
40 70
41 44
41 45
41 46
41 48
41 52
41 53
41 54
41 56
41 59
41 64
42 44
42 49
42 52
42 56
42 61
42 63
42 64
42 66
43 44
43 46
43 51
43 57
43 67
43 70
44 49
44 51
44 52
44 61
44 63
44 65
44 67
44 69
44 72
45 46
45 48
45 51
45 57
45 64
45 68
45 69
46 66
46 67
47 48
47 51
47 52
47 53
47 58
47 60
47 63
47 66
47 69
47 72
48 49
48 51
48 54
48 55
48 64
48 70
49 52
49 55
49 58
49 60
49 66
49 67
49 69
49 71
50 51
50 52
50 53
50 57
50 58
50 60
50 62
50 66
50 70
51 52
51 54
51 55
51 59
51 61
51 70
52 56
52 59
52 65
52 69
53 59
53 60
53 62
53 71
54 61
54 63
54 65
54 66
54 69
55 60
55 63
55 65
55 69
56 60
56 64
56 65
56 69
56 71
57 59
57 60
57 62
57 65
57 70
58 61
58 71
60 61
60 65
60 66
60 70
61 62
61 63
61 66
62 63
62 67
62 70
63 65
63 71
64 65
64 71
65 66
66 72
67 69
68 72
70 71
623
1 3
1 7
1 9
1 11
1 15
1 17
1 25
1 27
1 30
1 31
1 32
1 33
1 34
1 35
1 36
1 38
1 42
1 43
1 51
1 60
1 65
1 69
1 70
2 16
2 19
2 32
2 36
2 38
2 49
2 57
2 58
2 60
3 5
3 9
3 11
3 13
3 15
3 21
3 23
3 26
3 33
3 37
3 40
3 47
3 49
3 60
3 68
3 72
4 10
4 15
4 18
4 21
4 33
4 35
4 37
4 42
4 51
4 65
4 67
4 70
5 8
5 10
5 13
5 24
5 26
5 29
5 32
5 35
5 37
5 39
5 47
5 49
5 56
5 59
5 62
5 64
5 65
5 66
5 70
6 13
6 14
6 18
6 30
6 46
6 52
6 58
6 65
6 67
6 71
7 14
7 16
7 22
7 38
7 42
7 60
7 62
7 67
7 72
8 12
8 16
8 21
8 28
8 29
8 31
8 32
8 36
8 38
8 40
8 44
8 53
8 55
8 57
8 58
8 60
8 68
8 70
8 71
8 72
9 10
9 11
9 18
9 20
9 22
9 24
9 35
9 40
9 43
9 44
9 47
9 52
9 53
9 55
9 58
9 64
9 70
9 72
10 11
10 12
10 15
10 16
10 30
10 33
10 41
10 47
10 48
10 54
10 55
10 58
10 59
10 61
10 69
10 73
11 18
11 19
11 25
11 34
11 36
11 39
11 50
11 54
11 58
11 59
11 60
11 62
11 63
11 65
11 67
11 68
11 71
12 19
12 20
12 22
12 26
12 29
12 30
12 37
12 42
12 48
12 49
12 51
12 55
12 56
12 70
13 15
13 21
13 30
13 31
13 32
13 33
13 37
13 40
13 68
13 69
13 70
13 71
14 18
14 20
14 21
14 23
14 24
14 28
14 29
14 32
14 37
14 39
14 40
14 42
14 47
14 50
14 60
14 67
14 68
14 75
15 20
15 21
15 28
15 31
15 33
15 35
15 39
15 42
15 58
15 59
15 60
16 21
16 25
16 30
16 31
16 38
16 45
16 48
16 50
16 55
16 57
16 62
16 63
16 65
16 71
16 73
17 18
17 23
17 26
17 35
17 37
17 38
17 40
17 42
17 45
17 51
17 59
17 63
17 66
17 67
17 70
17 73
18 25
18 26
18 28
18 31
18 32
18 37
18 45
18 46
18 51
18 58
18 59
18 65
18 70
18 72
18 73
18 74
19 24
19 26
19 27
19 32
19 36
19 44
19 45
19 47
19 51
19 57
19 71
19 74
20 24
20 27
20 31
20 36
20 37
20 40
20 44
20 49
20 51
20 54
20 62
20 66
20 69
20 70
20 72
20 73
20 74
21 23
21 26
21 35
21 38
21 42
21 44
21 46
21 48
21 49
21 51
21 55
21 65
21 69
21 73
22 29
22 31
22 36
22 40
22 48
22 52
22 69
23 25
23 30
23 32
23 46
23 49
23 50
23 71
24 27
24 30
24 36
24 44
24 46
24 52
24 56
24 65
24 71
24 73
25 30
25 31
25 36
25 37
25 48
25 50
25 51
25 52
25 59
25 67
25 70
26 34
26 41
26 42
26 44
26 47
26 48
26 49
26 50
26 69
26 72
26 75
27 32
27 33
27 39
27 42
27 44
27 51
27 53
27 56
27 63
27 66
28 52
28 62
28 68
28 72
28 73
29 37
29 40
29 41
29 43
29 48
29 49
29 52
29 61
29 63
29 67
29 69
29 71
30 32
30 37
30 41
30 45
30 47
30 50
30 52
30 59
30 60
30 63
30 71
30 72
31 35
31 37
31 45
31 48
31 56
31 64
31 71
31 72
32 34
32 35
32 40
32 47
32 49
32 57
32 60
32 61
32 62
32 68
32 73
33 35
33 40
33 41
33 47
33 51
33 53
33 68
33 73
33 75
34 46
34 49
34 57
34 74
35 38
35 42
35 44
35 46
35 50
35 51
35 60
35 63
35 65
35 67
35 72
36 38
36 43
36 50
36 53
36 55
36 56
36 60
36 62
36 65
36 68
36 69
36 74
37 38
37 39
37 41
37 42
37 50
37 51
37 60
37 62
37 64
37 65
37 69
37 70
37 74
38 39
38 45
38 50
38 52
38 57
38 59
38 63
38 69
38 75
39 47
39 58
39 59
39 62
39 67
39 70
39 73
39 74
40 42
40 43
40 44
40 46
40 51
40 52
40 53
40 70
40 71
41 42
41 43
41 51
41 53
41 54
41 65
41 70
41 73
42 47
42 60
42 61
42 63
42 64
42 68
42 69
42 70
43 50
43 67
43 69
43 71
43 75
44 45
44 51
44 53
44 56
44 58
44 61
44 63
44 65
44 74
45 47
45 48
45 50
45 52
45 53
45 54
45 57
45 58
45 60
46 47
46 50
46 57
46 65
46 67
46 70
47 48
47 49
47 55
47 57
47 58
47 65
47 68
47 73
48 51
48 53
48 57
48 60
48 68
48 69
48 70
48 73
49 51
49 53
49 59
49 61
49 68
49 70
49 71
50 51
50 57
50 68
51 52
51 58
51 59
51 65
51 66
51 67
51 71
52 55
52 57
52 58
52 60
52 62
52 71
52 73
53 58
53 59
53 61
53 65
53 67
53 72
55 57
55 58
55 68
56 69
57 58
57 65
57 66
57 67
57 69
57 72
57 74
58 60
58 63
58 68
59 61
59 62
59 69
59 75
60 69
60 75
61 63
62 68
63 73
64 68
64 69
65 69
65 73
66 67
66 68
66 70
67 69
67 70
68 70
68 71
68 73
70 72
71 73
72 73
72 74
573
1 8
1 13
1 15
1 17
1 18
1 19
1 20
1 21
1 22
1 23
1 33
1 34
1 36
1 42
1 51
1 54
1 55
1 56
1 58
1 62
1 67
1 68
1 71
2 3
2 8
2 23
2 26
2 44
2 45
2 47
2 63
2 66
2 67
3 5
3 17
3 30
3 32
3 36
3 38
3 40
3 47
3 51
3 52
3 56
3 59
3 62
4 15
4 16
4 27
4 32
4 53
4 59
4 68
4 72
5 10
5 15
5 16
5 24
5 27
5 36
5 51
5 52
5 57
5 61
5 62
5 65
5 66
5 73
6 8
6 13
6 23
6 26
6 31
6 37
6 47
6 48
6 51
6 58
6 61
6 62
6 68
6 70
6 71
7 8
7 12
7 17
7 26
7 40
7 52
7 55
7 58
8 10
8 15
8 16
8 19
8 21
8 27
8 28
8 32
8 36
8 38
8 41
8 42
8 44
8 52
8 58
9 10
9 11
9 14
9 17
9 26
9 27
9 28
9 31
9 34
9 35
9 39
9 42
9 43
9 46
9 47
9 56
9 57
9 58
9 59
9 60
9 63
9 66
10 14
10 18
10 27
10 32
10 36
10 37
10 40
10 47
10 51
10 53
10 59
10 63
10 70
11 13
11 14
11 16
11 21
11 29
11 34
11 45
11 49
11 51
11 53
11 54
11 56
11 58
11 61
11 63
11 64
11 68
11 69
12 17
12 20
12 24
12 26
12 28
12 29
12 30
12 31
12 36
12 38
12 39
12 40
12 49
12 59
12 60
12 61
12 64
12 69
12 70
13 15
13 21
13 40
13 45
13 52
13 62
13 65
13 67
13 71
14 17
14 23
14 25
14 28
14 29
14 30
14 34
14 39
14 45
14 50
14 53
14 55
14 56
14 64
14 68
14 73
15 18
15 19
15 23
15 26
15 32
15 35
15 39
15 47
15 51
15 53
15 69
16 18
16 19
16 32
16 45
16 52
16 57
16 58
16 59
16 60
16 63
16 72
17 19
17 20
17 22
17 26
17 28
17 33
17 34
17 43
17 47
17 62
17 64
17 71
18 21
18 26
18 30
18 40
18 44
18 45
18 47
18 49
18 51
18 53
18 59
18 63
18 68
18 74
19 25
19 30
19 41
19 42
19 55
19 56
19 59
19 63
19 64
19 65
19 70
19 73
20 25
20 27
20 39
20 46
20 51
20 58
20 59
20 63
20 64
20 73
21 22
21 32
21 33
21 34
21 50
21 54
21 56
21 59
21 60
21 62
21 72
22 23
22 25
22 30
22 33
22 37
22 40
22 42
22 52
22 68
22 69
23 27
23 30
23 39
23 42
23 49
23 52
23 59
23 71
23 74
24 27
24 30
24 32
24 33
24 34
24 49
24 64
24 70
25 26
25 28
25 33
25 35
25 36
25 44
25 48
25 55
25 63
25 70
26 28
26 29
26 30
26 38
26 43
26 47
26 52
26 55
26 61
26 71
26 74
27 35
27 36
27 39
27 43
27 50
27 52
27 54
27 56
27 59
27 60
27 70
27 73
28 40
28 41
28 42
28 54
28 59
28 68
28 71
29 32
29 35
29 42
29 55
29 56
29 60
29 70
29 73
30 34
30 38
30 45
30 47
30 49
30 51
30 52
30 53
30 56
30 57
30 60
30 63
30 74
31 33
31 41
31 49
31 54
31 60
31 61
31 63
32 34
32 39
32 42
32 45
32 46
32 47
32 49
32 55
32 56
32 59
32 64
32 67
32 68
33 34
33 36
33 39
33 45
33 49
34 35
34 38
34 42
34 43
34 46
34 50
34 51
34 62
34 65
34 72
34 73
35 47
35 49
35 54
35 70
36 38
36 40
36 42
36 53
36 61
36 67
36 70
36 71
37 52
37 53
37 55
37 57
37 68
38 41
38 48
38 49
38 55
38 67
39 52
39 59
39 67
39 68
40 43
40 49
40 50
40 53
40 55
40 57
40 67
41 50
41 61
41 63
41 70
41 71
42 43
42 45
42 49
42 50
42 51
42 68
42 71
43 50
43 51
43 53
43 56
43 70
44 45
44 46
44 53
44 61
44 65
44 69
44 70
45 46
45 47
45 48
45 49
45 51
45 59
45 60
45 63
45 65
45 66
45 68
45 73
45 74
46 49
46 61
46 68
46 72
47 50
47 51
47 60
47 64
47 68
47 72
47 74
48 50
48 51
48 53
48 56
48 66
48 68
49 52
49 58
49 61
49 67
49 69
49 71
50 55
50 63
50 67
50 71
50 74
51 56
51 57
51 58
51 62
51 66
51 70
51 72
51 73
52 53
52 54
52 55
52 63
52 72
53 56
53 62
53 63
53 65
53 68
53 73
54 55
54 59
54 61
54 62
54 69
55 61
55 62
55 67
55 68
55 74
56 58
56 60
56 62
56 63
56 65
56 68
56 70
56 71
57 59
57 60
57 65
58 59
58 65
59 62
59 64
60 62
60 63
60 71
61 63
61 64
61 65
62 64
62 65
62 66
62 67
62 74
63 64
63 72
63 73
65 70
65 74
67 69
67 74
68 70
70 72
70 73
72 74
73 74
515
1 3
1 5
1 10
1 21
1 23
1 26
1 27
1 32
1 33
1 38
1 41
1 42
1 43
1 46
1 50
1 56
1 58
1 61
1 62
2 6
2 14
2 24
2 25
2 36
2 40
2 46
2 48
2 61
3 4
3 13
3 16
3 17
3 19
3 27
3 35
3 43
3 45
3 54
3 61
4 5
4 17
4 19
4 26
4 27
4 28
4 30
4 31
4 34
4 46
4 52
4 53
4 55
4 58
4 59
4 64
4 65
5 6
5 9
5 13
5 15
5 24
5 31
5 54
5 57
5 58
5 62
5 63
6 8
6 9
6 12
6 13
6 18
6 22
6 24
6 26
6 29
6 32
6 35
6 38
6 39
6 43
6 45
6 48
6 56
6 66
7 9
7 10
7 19
7 21
7 46
7 48
7 52
7 56
7 61
7 66
8 10
8 26
8 38
8 40
8 41
8 43
8 59
8 63
8 65
9 11
9 12
9 15
9 17
9 24
9 25
9 35
9 40
9 42
9 43
9 52
9 54
9 58
9 61
9 63
9 65
10 12
10 19
10 29
10 33
10 35
10 37
10 39
10 41
10 48
10 49
10 55
10 60
10 62
10 66
11 13
11 17
11 18
11 21
11 30
11 33
11 38
11 40
11 43
11 44
11 46
11 47
11 52
11 54
11 58
11 59
11 63
12 21
12 22
12 24
12 30
12 58
12 63
12 66
13 17
13 19
13 23
13 31
13 34
13 40
13 66
14 15
14 16
14 19
14 20
14 21
14 22
14 23
14 27
14 28
14 36
14 43
14 46
14 54
14 55
14 56
14 58
14 64
15 26
15 44
15 49
15 55
15 59
15 62
15 65
16 18
16 20
16 21
16 30
16 34
16 36
16 38
16 40
16 45
16 56
16 66
17 19
17 26
17 27
17 28
17 30
17 31
17 32
17 33
17 40
17 43
17 48
17 49
17 50
17 56
17 61
17 63
17 65
17 66
18 19
18 21
18 30
18 34
18 36
18 37
18 41
18 42
18 43
18 47
18 52
18 58
18 64
19 24
19 26
19 27
19 28
19 30
19 34
19 36
19 48
19 49
19 50
19 52
19 53
19 64
19 66
20 24
20 30
20 42
20 44
20 58
21 23
21 25
21 27
21 39
21 43
21 45
21 48
21 51
21 55
21 58
21 61
21 65
22 24
22 25
22 27
22 30
22 33
22 36
22 38
22 39
22 45
22 46
22 47
22 48
22 49
22 50
22 53
22 54
22 55
22 59
22 62
22 63
23 26
23 33
23 34
23 39
23 58
23 61
23 64
23 65
24 27
24 28
24 41
24 43
24 46
24 47
24 51
24 52
24 57
24 59
24 60
24 61
25 30
25 33
25 40
25 41
25 44
25 48
25 49
25 52
25 53
25 55
25 56
25 58
25 61
26 31
26 33
26 36
26 39
26 40
26 43
26 44
26 46
26 47
26 48
26 49
26 53
26 65
27 32
27 33
27 36
27 38
27 42
27 44
27 45
27 46
27 51
27 55
27 57
27 63
28 33
28 36
28 46
28 54
28 56
28 57
28 61
28 62
29 30
29 33
29 34
29 38
29 40
29 41
29 45
29 47
29 52
29 53
29 55
29 66
30 33
30 35
30 39
30 43
30 46
30 47
30 51
30 53
30 56
30 61
30 66
31 32
31 34
31 36
31 37
31 38
31 41
31 44
31 50
31 58
31 61
31 63
31 65
32 34
32 36
32 39
32 46
32 60
32 63
32 64
32 66
33 34
33 41
33 52
33 55
33 56
33 59
33 63
34 38
34 52
35 42
35 46
35 48
35 55
35 58
35 64
35 66
36 43
36 46
36 47
36 48
36 50
36 52
36 53
36 54
36 63
36 66
37 46
37 58
37 61
38 42
38 43
38 45
38 48
38 50
38 58
38 60
38 61
38 65
38 66
39 40
39 58
39 64
40 41
40 42
40 46
40 48
40 52
40 62
40 63
41 48
41 50
41 53
41 54
41 55
41 58
41 61
42 43
42 44
42 46
42 50
42 51
42 62
42 63
42 65
43 44
43 45
43 52
43 60
43 61
43 62
43 63
44 48
44 49
44 50
44 52
44 54
44 57
44 64
44 65
44 66
45 46
45 47
45 53
45 60
46 47
46 48
46 49
46 52
46 59
46 60
46 65
47 54
47 58
48 50
48 58
48 59
48 61
49 50
49 57
49 66
50 54
50 55
50 57
50 60
50 64
50 65
50 66
52 54
52 55
52 64
52 66
53 60
53 61
53 63
53 66
54 64
55 57
55 65
56 60
58 63
59 63
59 64
61 62
63 64
767
1 6
1 10
1 14
1 17
1 20
1 21
1 24
1 28
1 36
1 38
1 39
1 40
1 47
1 53
1 54
1 58
1 61
1 64
1 68
1 69
1 75
1 80
1 82
2 3
2 13
2 27
2 45
2 46
2 47
2 51
2 53
2 61
2 70
2 73
2 83
3 6
3 9
3 10
3 17
3 30
3 33
3 35
3 48
3 57
3 62
3 66
3 68
3 71
3 72
3 79
3 82
4 7
4 16
4 18
4 19
4 36
4 46
4 49
4 55
4 60
4 61
4 63
4 75
4 77
4 80
5 13
5 15
5 16
5 20
5 21
5 22
5 23
5 30
5 37
5 38
5 39
5 40
5 45
5 47
5 52
5 53
5 56
5 61
5 63
5 66
5 73
5 75
5 77
5 80
6 7
6 9
6 12
6 13
6 17
6 28
6 29
6 33
6 36
6 37
6 40
6 41
6 48
6 50
6 53
6 55
6 59
6 63
6 65
6 68
6 72
6 73
6 76
6 83
7 15
7 16
7 33
7 40
7 45
7 61
7 63
7 66
7 73
7 80
8 9
8 10
8 13
8 23
8 24
8 25
8 39
8 43
8 46
8 53
8 56
8 63
8 66
8 78
8 82
9 14
9 17
9 19
9 26
9 30
9 32
9 34
9 39
9 45
9 47
9 57
9 59
9 60
9 65
9 84
10 13
10 17
10 21
10 26
10 33
10 34
10 35
10 42
10 52
10 56
10 57
10 58
10 62
10 69
10 71
10 75
10 76
10 79
10 80
10 81
10 84
11 13
11 14
11 15
11 16
11 18
11 21
11 33
11 34
11 37
11 38
11 43
11 44
11 46
11 47
11 55
11 59
11 60
11 63
11 64
11 73
11 75
11 76
11 80
11 81
11 82
12 14
12 15
12 16
12 21
12 23
12 27
12 28
12 36
12 37
12 43
12 45
12 47
12 48
12 51
12 53
12 56
12 63
12 64
12 66
12 68
12 69
12 73
12 78
12 80
12 84
13 17
13 20
13 22
13 25
13 29
13 33
13 34
13 37
13 45
13 46
13 49
13 55
13 59
13 63
13 65
13 68
13 69
13 70
13 72
13 77
13 78
13 79
13 84
14 15
14 17
14 24
14 26
14 30
14 31
14 34
14 35
14 41
14 53
14 55
14 61
14 65
14 66
14 69
14 71
14 78
14 81
15 16
15 17
15 24
15 41
15 44
15 47
15 49
15 56
15 57
15 61
15 63
15 65
15 67
15 70
15 72
15 77
16 19
16 21
16 25
16 32
16 37
16 38
16 39
16 40
16 42
16 44
16 45
16 50
16 52
16 73
16 74
16 82
16 83
17 27
17 39
17 43
17 44
17 45
17 46
17 50
17 57
17 58
17 60
17 64
17 72
17 73
17 80
18 25
18 27
18 28
18 33
18 34
18 35
18 48
18 51
18 55
18 59
18 64
18 66
18 72
18 73
18 74
18 83
19 21
19 29
19 33
19 37
19 51
19 53
19 56
19 71
19 79
19 80
19 83
19 84
20 26
20 31
20 32
20 39
20 46
20 56
20 60
20 63
20 71
20 73
20 75
20 82
20 83
20 84
21 24
21 37
21 39
21 40
21 44
21 45
21 48
21 53
21 55
21 58
21 63
21 64
21 65
21 70
21 71
21 76
21 80
21 81
22 30
22 34
22 35
22 41
22 42
22 51
22 53
22 54
22 77
22 78
22 80
22 82
22 84
23 25
23 39
23 41
23 42
23 46
23 53
23 60
23 62
23 63
23 66
23 69
23 70
23 79
23 82
24 25
24 26
24 38
24 69
24 72
24 73
24 78
25 31
25 40
25 41
25 49
25 50
25 52
25 53
25 55
25 56
25 62
25 65
25 82
26 29
26 30
26 39
26 51
26 52
26 53
26 56
26 60
26 61
26 64
26 72
26 74
26 83
27 30
27 31
27 33
27 46
27 51
27 55
27 69
27 75
27 80
27 81
28 31
28 37
28 40
28 45
28 46
28 48
28 49
28 52
28 60
28 67
28 68
28 69
28 70
28 71
28 75
28 79
28 82
29 48
29 49
29 59
29 62
29 79
29 82
29 83
30 36
30 71
30 72
30 76
30 79
30 84
31 33
31 46
31 51
31 61
31 63
31 68
31 70
31 77
32 51
32 54
32 60
32 63
32 65
32 70
32 75
33 34
33 36
33 39
33 46
33 49
33 53
33 55
33 65
33 67
33 71
33 72
33 81
34 37
34 46
34 53
34 56
34 60
34 61
34 69
34 71
34 74
35 48
35 65
35 73
35 80
35 83
36 48
36 82
36 83
37 48
37 52
37 54
37 61
37 69
37 70
37 71
37 75
37 81
37 84
38 40
38 45
38 61
38 66
38 73
38 76
39 42
39 47
39 50
39 56
39 59
39 62
39 67
39 68
39 71
39 75
39 77
39 80
39 81
39 83
40 41
40 42
40 52
40 73
40 76
40 78
41 42
41 44
41 45
41 53
41 54
41 55
41 63
41 65
41 66
41 71
41 72
41 73
42 49
42 50
42 52
42 55
42 60
42 69
42 70
42 71
42 81
43 45
43 46
43 48
43 52
43 54
43 59
43 70
43 74
43 81
43 83
43 84
44 51
44 54
44 58
44 63
44 68
44 79
44 81
45 49
45 52
45 53
45 55
45 60
45 61
45 65
45 67
45 73
45 75
45 78
46 47
46 48
46 50
46 54
46 60
46 64
46 70
46 71
46 72
46 80
46 81
46 82
46 84
47 59
47 60
47 65
47 82
48 49
48 50
48 54
48 70
48 78
48 82
48 84
49 51
49 56
49 59
49 60
49 65
49 66
49 68
49 69
49 70
49 74
49 75
49 76
50 56
50 61
50 65
50 68
50 77
50 79
51 52
51 56
51 57
51 62
51 68
51 70
51 71
51 73
51 78
51 82
51 84
52 53
52 63
52 77
52 78
52 82
53 56
53 57
53 65
53 66
53 70
53 72
53 74
53 75
53 78
53 82
53 83
54 55
54 56
54 58
54 62
54 64
54 70
54 73
54 75
55 65
55 76
56 57
56 58
56 61
56 63
56 69
56 75
57 63
57 70
57 76
57 82
57 83
58 68
58 78
58 83
59 61
59 64
59 70
59 72
59 73
59 75
59 76
59 80
59 81
60 61
60 63
60 66
60 73
60 77
60 79
60 84
61 66
61 78
61 82
61 84
62 67
62 73
62 77
62 80
62 84
63 66
63 78
63 82
64 81
65 66
65 67
65 68
65 73
65 77
65 81
65 82
66 70
66 71
66 72
66 75
66 79
66 81
66 82
66 84
67 76
68 73
68 74
68 79
68 84
69 78
70 73
70 77
70 78
70 79
71 76
71 84
72 83
73 75
73 76
73 81
75 79
75 80
76 78
76 83
77 81
77 83
78 80
78 83
79 81
79 82
79 83
81 83
81 84
0