4
5 6 15
10 1 10 20 10 10
30 1 1 5 1 1
50 1 1 20 1 1
10 5 5 10 5 1
40 10 90 1 10 10
3 3 6
1 1 100
1 1 100
1 1 1
20 5 8
18 1 4 3 1
13 2 12 11 19
15 4 18 11 7
8 3 0 17 17
3 12 3 18 11
1 4 16 12 0
3 3 2 19 6
15 4 8 0 16
19 7 12 10 18
0 10 1 12 7
11 8 11 14 6
2 7 2 18 12
3 13 15 17 13
1 12 17 1 4
5 13 12 18 3
2 10 13 16 14
0 7 2 11 1
0 5 0 3 15
12 18 8 7 7
1 0 11 11 14
20 23 180301314
798302 954734 320279 115632 845782 553445 308805 216906 282092 333197 750659 291796 249236 30944 707359 482752 777442 88809 259535 52746 990380 727360 526786
900712 522252 160468 501026 562621 646845 786067 970947 944743 298446 834156 543393 155560 741527 396209 581515 256916 592708 363583 831066 633494 439606 876641
433073 299112 885389 208047 685929 491562 157870 603034 437502 367190 172705 661061 647810 191518 792391 764757 218656 960097 150438 678811 305252 104841 811272
1350 192225 700223 331759 615563 877102 779715 800553 696681 988295 531244 843725 960225 637512 745231 217488 602253 757401 736328 970268 350067 254359 586013
277352 282296 870812 713628 684517 495434 481875 209934 563278 192035 632173 538414 396233 99892 191361 159407 384278 258103 614173 802839 834273 48039 205339
392550 560791 933403 462724 421336 813677 466465 699883 225651 524438 735409 283933 603799 606772 344729 366004 357680 576596 268700 10787 684795 445885 810961
195895 430897 531228 253933 994090 828836 129883 915439 252950 667726 658209 904162 40970 267481 675093 815437 706984 721116 411771 645460 313492 215888 509267
557688 420437 27273 213272 797838 894276 959408 94881 922897 811001 590926 487651 235830 340054 926089 323417 584947 881127 221085 277878 422589 140002 579399
678268 292091 877871 940465 867140 606478 105376 938116 583456 162678 189450 164071 18562 149891 397632 590941 190685 377701 252281 657234 534516 842307 697767
423078 950832 503037 708831 169303 389067 373291 769330 147006 145960 995510 348463 508548 312925 446075 596076 568339 946472 176745 197774 356116 671182 760859
841892 988062 875322 401362 521561 983922 279490 767265 820481 315219 288573 798642 988472 143369 60679 828610 326444 390368 311249 413493 662982 559560 286876
28004 387208 168738 421552 805010 167221 997330 109180 309793 780210 890407 556973 2000 818620 217026 71969 325537 494029 573792 422068 449911 149882 793566
341510 855938 732122 26371 164406 609748 13640 185845 509201 152271 794014 299949 240715 570014 595073 915470 814252 351832 324048 418754 798170 785866 905999
594776 150913 889348 984586 933147 437198 374635 699462 309474 989458 527904 816036 340206 273007 97497 752299 113538 682167 721433 783910 983839 198897 397590
444447 965002 343119 978368 536923 201278 887158 510495 203083 920176 419677 789123 501132 692366 909449 323126 484954 745598 629754 909646 203619 440571 605203
741177 799983 174764 115821 446293 422916 916528 687677 197939 285518 387802 625232 633229 125979 109696 207593 717644 809438 690806 247006 732092 778633 909774
624910 834549 10193 865478 947850 985149 464818 712529 184987 649476 969032 206147 721675 573746 336986 261687 602712 721193 27716 369457 158886 839450 805638
311760 772352 89372 825832 844188 651497 627642 594619 860427 439006 660405 10353 474 675066 318096 327380 948063 2892 684487 341218 451538 223434 409677
135894 199558 422630 648309 192821 634215 241705 876698 421763 317833 597600 670871 393263 207551 408599 257300 937663 955755 31747 616455 641956 357088 732062
890858 364701 358863 107262 859174 425704 774837 232639 440425 852131 893788 374340 521979 698154 247632 681362 659257 460450 727757 279565 615768 125719 375549