30
6
5 2 4 6 3 1
6
2 4 8 16 32 64
3
1 1 1
3
200000 200000 200000
200
157093 100200 81377 74260 194170 8371 49084 144847 173328 129882 123765 190695 112264 101973 141620 184979 16315 196100 27044 9932 69434 103251 72911 180528 110431 52853 179290 50224 121745 199942 46928 7789 174171 132718 131555 5180 150603 59256 108343 139104 43225 14881 71669 41472 30628 52158 39145 154833 165671 103725 187351 112986 40554 182825 104805 101101 27546 161513 48262 51375 162722 118496 27962 140491 37731 36994 77278 58082 29859 182383 48975 159003 44989 55132 133497 140167 67119 58563 36026 175415 194079 68411 98016 92289 12777 198206 34251 25351 51743 15563 125476 130461 72395 46615 81659 159078 127612 190404 176748 107320 59686 153242 115499 117400 160624 18523 43682 163477 48371 177345 50217 174780 182766 13201 8338 142518 1124 173200 4546 105305 53796 101503 10117 59208 190216 165743 84331 68896 57003 146716 22806 50671 47088 145361 73624 51331 26992 191354 155600 25437 140860 105617 189414 4357 14594 164170 12682 91922 121083 100189 32848 2133 169723 153231 34426 4591 79157 120073 36146 144626 177998 20393 80619 128472 107607 155691 186632 169052 162647 129115 176546 188835 76913 28294 60067 145376 182172 20311 83186 136204 64961 989 116721 83457 108873 42864 177152 162748 42609 119395 69013 144741 86709 85186 3207 23122 97102 30805 179787 154321
200
65537 131073 131073 65537 65537 131073 131073 65537 131073 131073 131073 131073 131073 65537 131073 65537 65537 131073 65537 131073 65537 131073 131073 131073 131073 131073 131073 131073 65537 65537 65537 65537 65537 65537 65537 65537 131073 131073 131073 131073 131073 131073 131073 65537 131073 131073 131073 65537 131073 65537 65537 131073 131073 131073 65537 65537 131073 131073 131073 65537 65537 65537 131073 65537 131073 65537 131073 65537 65537 65537 65537 65537 65537 65537 65537 65537 131073 131073 131073 131073 131073 65537 65537 131073 65537 65537 131073 131073 65537 65537 131073 65537 131073 131073 65537 65537 65537 131073 65537 65537 131073 65537 131073 131073 65537 65537 65537 65537 65537 131073 131073 131073 131073 65537 65537 131073 65537 131073 131073 131073 65537 131073 65537 131073 65537 131073 65537 65537 131073 131073 131073 131073 65537 65537 65537 131073 65537 65537 131073 65537 131073 65537 65537 131073 131073 65537 131073 65537 65537 131073 131073 65537 131073 65537 65537 131073 131073 65537 131073 131073 131073 131073 65537 131073 131073 131073 65537 65537 65537 65537 65537 65537 65537 131073 131073 131073 65537 65537 65537 65537 65537 131073 65537 65537 65537 65537 65537 65537 65537 65537 65537 131073 65537 131073 65537 65537 65537 131073 65537 65537
200
200000 200000 200000 200000 200000 200000 200000 200000 200000 200000 200000 200000 200000 200000 200000 200000 200000 200000 200000 200000 200000 200000 200000 200000 200000 200000 200000 200000 200000 200000 200000 200000 200000 200000 200000 200000 200000 200000 200000 200000 200000 200000 200000 200000 200000 200000 200000 200000 200000 200000 200000 200000 200000 200000 200000 200000 200000 200000 200000 200000 200000 200000 200000 200000 200000 200000 200000 200000 200000 200000 200000 200000 200000 200000 200000 200000 200000 200000 200000 200000 200000 200000 200000 200000 200000 200000 200000 200000 200000 200000 200000 200000 200000 200000 200000 200000 200000 200000 200000 200000 200000 200000 200000 200000 200000 200000 200000 200000 200000 200000 200000 200000 200000 200000 200000 200000 200000 200000 200000 200000 200000 200000 200000 200000 200000 200000 200000 200000 200000 200000 200000 200000 200000 200000 200000 200000 200000 200000 200000 200000 200000 200000 200000 200000 200000 200000 200000 200000 200000 200000 200000 200000 200000 200000 200000 200000 200000 200000 200000 200000 200000 200000 200000 200000 200000 200000 200000 200000 200000 200000 200000 200000 200000 200000 200000 200000 200000 200000 200000 200000 200000 200000 200000 200000 200000 200000 200000 200000 200000 200000 200000 200000 200000 200000 200000 200000 200000 200000 200000 200000
200
0 0 0 0 0 0 0 0 0 0 0 0 0 0 0 0 0 0 0 0 0 0 0 0 0 0 0 0 0 0 0 0 0 0 0 0 0 0 0 0 0 0 0 0 0 0 0 0 0 0 0 0 0 0 0 0 0 0 0 0 0 0 0 0 0 0 0 0 0 0 0 0 0 0 0 0 0 0 0 0 0 0 0 0 0 0 0 0 0 0 0 0 0 0 0 0 0 0 0 0 0 0 0 0 0 0 0 0 0 0 0 0 0 0 0 0 0 0 0 0 0 0 0 0 0 0 0 0 0 0 0 0 0 0 0 0 0 0 0 0 0 0 0 0 0 0 0 0 0 0 0 0 0 0 0 0 0 0 0 0 0 0 0 0 0 0 0 0 0 0 0 0 0 0 0 0 0 0 0 0 0 0 0 0 0 0 0 0 0 0 0 0 0 0 0 0 0 0 0 0
200
14737 129500 139955 76914 140784 14515 68354 92055 131517 81570 15479 171728 135715 33823 84221 100832 145166 156024 172424 90828 50545 130047 40031 63493 97931 10626 21631 140562 22972 131637 15977 4892 32551 199647 55845 71106 62357 143652 181211 157318 181827 28290 56022 176590 80490 78348 105962 44248 18332 132858 197434 117680 197455 64163 63263 14344 33711 140776 32990 16698 22952 157236 166180 70520 186110 82217 17579 52924 121823 114014 90942 111629 17839 41665 33252 3227 117362 893 184501 65865 14691 185854 50640 15300 166673 30724 160391 196264 87510 102482 197209 173458 17947 143124 91904 86929 50487 178786 96501 80588 126762 87685 60916 42812 183635 26726 69650 44062 104482 172013 52999 62914 71770 162511 19788 89352 196540 72707 126429 49818 79567 142056 185853 31094 24726 119370 173126 30505 54419 135106 189220 105742 70645 53647 58481 98940 119700 60367 63945 62490 169523 180301 68848 97576 140057 84067 161119 183043 90853 16223 86223 33401 193970 43218 57248 24098 137296 2871 163061 54457 84714 196504 13317 30902 163023 168326 25869 144606 61659 98155 10817 50548 167509 155472 134323 15404 168013 4819 159035 126319 132181 95142 123315 168852 151979 16608 72807 68854 159991 51046 9076 35880 187139 35052 150694 176575 150968 6125 68452 58236
200
63620 100346 106473 8744 185380 111070 148541 19472 194677 168986 194294 13874 185761 78559 121845 192264 174713 104194 21797 12504 140309 157968 8637 23152 55955 197454 51437 120071 68969 94581 1567 136168 122315 81068 149018 124941 114201 153686 74341 149841 110894 44516 47757 62738 79096 50696 101098 101207 113323 92552 129593 175918 185206 85290 5950 146877 179072 166201 42713 6457 153691 26882 187706 142322 17881 29662 100030 191856 120990 195211 58696 183588 281 119782 160344 10319 75435 151585 41872 83092 29946 193730 24399 39271 26267 101473 165898 180682 12297 57767 147468 16304 21610 122040 110022 138524 30124 165432 160823 48209 187728 37115 198848 119627 172273 180457 158495 86562 86472 121981 192370 66475 29972 142507 28094 71995 163850 162155 40520 2112 79809 87048 121035 9903 99370 94558 136605 144740 44910 33675 6043 81538 169184 142163 26574 40349 12680 195798 83478 184444 99011 130975 56557 50673 184322 43100 114893 76546 174679 40494 47229 49741 185056 116920 44153 34516 186477 175608 156577 173571 47852 66883 129883 66375 114217 90299 184919 60913 83296 91675 181714 173936 151082 152741 55000 132566 14571 78568 129820 93669 97893 139639 107204 63349 85415 133811 61230 199940 46561 26025 101759 80862 113578 62584 17692 77732 17452 99745 199168 144725
200
37315 16660 37485 12070 13260 15810 19890 26775 10880 25670 14487 6468 14553 4686 5148 6138 7722 10395 4224 9966 191843 85652 192717 62054 68172 81282 102258 137655 55936 131974 26779 11956 26901 8662 9516 11346 14274 19215 7808 18422 77264 34496 77616 24992 27456 32736 41184 55440 22528 53152 52241 23324 52479 16898 18564 22134 27846 37485 15232 35938 38193 17052 38367 12354 13572 16182 20358 27405 11136 26274 73752 32928 74088 23856 26208 31248 39312 52920 21504 50736 38193 17052 38367 12354 13572 16182 20358 27405 11136 26274 154528 68992 155232 49984 54912 65472 82368 110880 45056 106304 85 33 437 61 176 119 87 168 87 352 439 196 441 142 156 186 234 315 128 302 92710 31853 136024 43161 142558 16172 39645 63168 67507 187264 88981 65566 41603 115166 198084 186171 128319 78228 7899 7503 118912 181179 79700 154950 194062 130744 56468 42115 83495 125031 124593 116960 77002 115394 29740 193012 148478 27969 25044 130676 175535 47714 84580 25180 52453 44360 42095 59115 64411 78371 128550 98285 111085 187618 12121 151796 65702 15656 54124 44635 16032 47637 180526 137465 123416 30007 32088 60666 87513 55943 89570 97394 141972 45573 158357 91851 16424 187444 62615 70824
200
76635 23955 192728 191884 120475 134074 147798 57741 46583 91725 183336 100169 151017 106502 144394 78577 100463 181882 41675 135144 148145 177389 142920 13391 161733 148541 129222 50022 157204 123165 165766 9374 80892 5418 16243 116430 199880 114680 167733 149844 185529 51178 87373 36917 60675 148637 36025 183092 195012 180591 130377 74302 49358 114543 124329 182694 196508 154335 124269 102017 120641 192575 164432 113952 161704 170917 121814 162967 192043 87502 132899 32880 81644 21900 118340 162095 134995 79590 97524 183350 106201 159934 51069 46073 27129 164591 101181 6208 137600 134298 41498 23530 66688 83735 60674 145079 69875 10002 142320 4304 43688 154652 55590 187544 199877 70194 95873 177335 26600 14377 67949 29273 6165 148899 56689 117167 99815 25942 67928 160018 94884 40495 163352 46753 128013 118244 158075 179780 198217 159533 6515 22607 196806 11923 8140 8646 119559 148241 78869 9191 135768 161316 47944 4194 48249 186296 89875 18637 60370 152565 4331 12882 68165 106781 2252 46791 178242 13251 199122 130953 163730 190838 104371 162557 194713 61004 126436 83149 118831 52195 127110 106907 106054 53598 143070 114377 69550 139393 183655 126078 122830 86374 109649 71218 89857 72249 33005 120325 144628 178483 80951 192209 160014 178977 102111 53469 137067 96105 130582 173492
200
80621 129630 111084 176992 64129 192430 150306 110398 13743 19354 60741 22162 140017 131300 154159 82057 126069 150075 70084 131144 50997 46903 12646 89020 95491 179974 196956 68796 44228 154661 68204 100018 185763 57411 161053 106226 94968 55632 21164 74705 152018 161475 117794 100453 61748 126818 160268 94219 1071 63441 111039 198516 95635 147592 58882 104539 199171 177119 29584 170709 123008 10265 140642 112018 53839 106958 31795 7965 8875 37664 69960 182545 79874 13115 40196 66734 29811 50900 102918 65171 58764 162463 94834 34344 43001 73064 568 111043 6820 105235 178003 20244 100256 177403 117078 46807 130708 33028 39115 41257 139842 105249 156291 46633 43956 111656 20625 144103 167191 90093 3860 125091 61894 158358 184402 114221 143900 110281 32489 169046 119339 105850 187022 57062 167728 83017 70460 92611 173458 101511 97783 132275 48861 126528 59953 136293 12396 21888 191943 123655 35122 93012 114526 191742 68440 16993 3669 22884 43539 133450 6650 123977 3470 58982 96585 30124 108569 29950 21361 90857 70146 187589 52365 86207 161285 139476 57520 149883 111966 14280 147094 18794 73228 107253 155594 69821 172745 29402 80724 51238 141156 125654 7763 163948 20346 169857 70981 17601 45218 57859 150943 116589 27780 46807 69983 16718 55318 139832 28495 118746
200
37113 13905 107044 183839 191399 154278 137185 63573 99813 18802 5548 196931 113396 156083 111064 20165 50130 162385 190012 22560 156397 177981 116947 100563 130334 12108 120723 24741 128442 56176 14626 85585 67444 189568 11150 11514 68633 182361 162387 118596 144817 107756 30618 184491 168238 156716 198791 125597 73978 115494 132276 116374 91750 168331 9817 14624 187759 120378 68781 66907 93744 189498 62584 74404 48440 124812 108484 17550 36789 1694 185986 140972 10010 18151 5274 162307 163338 74437 155974 165533 28022 120571 109166 100298 29063 83765 133007 170902 139613 51151 72543 7788 170058 123294 122736 165318 133655 195213 50433 11347 127466 59495 2087 181871 170784 41899 124392 77468 52962 51690 39810 177305 55002 169097 9043 198629 27189 3537 54390 84380 55066 151941 29875 104116 138411 152701 118751 116620 160451 35289 23258 113870 17355 138066 169013 10347 133585 144296 188840 35194 56480 159180 111198 131594 129786 137661 150892 122025 21375 8280 117705 149897 10082 135749 181539 189171 175112 174800 149682 145728 4529 126420 76325 37523 119779 710 124598 71675 137898 122502 66064 26760 146254 16999 141015 139228 177492 112909 191591 14079 154017 16088 14176 60109 179740 17859 175242 32644 68888 61407 22221 24807 135698 189323 50450 19590 135290 17320 66376 153019
200
0 0 0 0 0 0 0 0 0 0 0 0 0 0 0 0 0 0 0 0 0 0 0 0 0 0 0 0 0 0 0 0 0 0 0 0 0 0 0 0 0 0 0 0 0 0 0 0 0 0 0 0 0 0 0 0 0 0 0 0 0 0 0 0 0 0 0 0 0 0 0 0 0 0 0 0 0 0 0 0 0 0 0 0 0 0 0 0 0 0 0 0 0 0 0 0 0 0 0 0 109238 125068 191462 191356 99603 38037 53896 61702 98427 105992 199519 190140 118556 108697 61165 148893 27172 103182 85713 126187 48762 136697 155278 63108 156454 173755 113669 50429 128328 94346 14292 70529 135318 149019 143047 149614 88060 118406 92613 192874 138820 82057 151788 30969 71838 113047 93442 62879 64729 105858 149027 66477 167695 67949 78150 57661 165827 138786 41432 123581 13863 87420 150458 87253 1953 176592 27687 437 89000 164052 122885 141523 94745 159411 60412 7874 180498 167475 174070 64093 166316 122937 78156 183587 52257 72901 176442 182944 170599 175608 103435 106722 167114 29172 70951 114262 44169 173657 60813 102735
200
176913 169702 22132 196710 114665 118965 101488 157226 56812 49010 183408 75670 44619 160681 173745 75093 131277 141444 90178 869 71356 26726 129932 138669 167162 127725 509 4184 118249 142163 173697 111239 34654 145562 95056 151612 72848 189097 3068 65044 99634 52922 73518 142611 188647 101346 19665 10359 13815 183175 148012 190741 66898 135195 155534 32123 146924 94252 179170 49827 106108 58399 98246 99598 133281 72682 122404 71280 70857 28309 159844 162895 56086 177971 75655 128005 79218 182290 182313 162848 23250 152932 83989 57512 116948 169012 113302 109470 165230 189755 45389 105303 142639 16965 82591 60016 179442 1890 155356 125739 60844 3240 60450 33181 198695 191745 123663 80117 139751 119602 89758 132325 147409 125779 21976 182189 166810 136387 156317 147005 56662 55859 54734 106287 32056 183194 99059 190769 166075 156634 152429 150458 35035 66377 105101 198808 47703 20411 51355 163938 99371 112339 46397 92154 102299 77741 121992 189614 122092 187678 94093 193869 18779 36982 25139 86143 53773 137463 125567 131636 185634 162041 157146 64147 196145 58408 73239 83154 64345 66109 6494 155627 23027 15729 116867 191012 96563 17302 20705 161656 120058 40811 46560 199550 181841 40481 102881 8639 89595 73896 179418 15953 4583 117908 182475 44550 165904 171105 113511 53117
200
0 0 0 0 0 0 0 0 0 0 0 0 0 0 0 0 0 0 0 0 0 0 0 0 0 0 0 0 0 0 0 0 0 0 0 0 0 0 0 0 0 0 0 0 0 0 0 0 0 0 0 0 0 0 0 0 0 0 0 0 0 0 0 0 0 0 0 0 0 0 0 0 0 0 0 0 0 0 0 0 0 0 0 0 0 0 0 0 0 0 0 0 0 0 0 0 0 0 0 0 72745 126240 64687 161655 55988 24053 147044 41204 179524 142153 139069 165720 42753 162439 120450 60144 33737 113968 33849 138758 71723 5426 25989 100088 108899 97511 27823 20238 191447 165883 145550 52861 146399 135252 115191 176615 80527 117155 35290 152039 26996 54518 71473 199556 26171 117491 117226 1997 111903 165820 195555 154073 184776 165113 36987 25626 109474 106802 111518 112626 9542 185750 81134 115091 56158 32726 43493 99041 108820 177379 179130 63187 49723 94108 145471 159205 195984 81299 36934 140705 41358 57488 109922 71969 47731 69206 19987 76286 152049 110071 166858 119014 18430 90087 94852 166876 17250 43366 49546 52932
200
53064 173052 6336 79200 85932 0 76428 14256 134640 130680 1876 6118 224 2800 3038 0 2702 504 4760 4620 39530 128915 4720 59000 64015 0 56935 10620 100300 97350 34572 112746 4128 51600 55986 0 49794 9288 87720 85140 54002 176111 6448 80600 87451 0 77779 14508 137020 132990 51858 169119 6192 77400 83979 0 74691 13932 131580 127710 31892 104006 3808 47600 51646 0 45934 8568 80920 78540 21172 69046 2528 31600 34286 0 30494 5688 53720 52140 24522 79971 2928 36600 39711 0 35319 6588 62220 60390 38324 124982 4576 57200 62062 0 55198 10296 97240 94380 396 14 295 258 403 387 238 158 183 286 134 437 16 200 217 0 193 36 340 330 3431 140329 85833 8839 146679 144613 124814 138859 142378 57625 156884 13618 144922 193459 155547 36243 132673 136709 197451 155627 85091 157609 22547 20680 150981 148062 43737 84154 6442 189588 18410 20248 68307 92703 23393 68797 19876 117779 69414 180216 187012 27055 39431 109412 114939 64108 103043 123624 59842 56014 131215 142270 63363 57524 145204 191308 22927 114836 183822 184809 64993 99436 38943 121262 168272 96994 165828 15343 193471 6369 85664 135424 176048 65106 122192 156332 50169 22486 8958 184225
200
183270 109470 145550 58630 175070 134890 138990 56990 148010 194892 116412 154780 62348 186172 143444 147804 60604 157396 58557 34977 46505 18733 55937 43099 44409 18209 47291 50958 30438 40470 16302 48678 37506 38646 15846 41154 126054 75294 100110 40326 120414 92778 95598 39198 101802 187740 112140 149100 60060 179340 138180 142380 58380 151620 65709 39249 52185 21021 62769 48363 49833 20433 53067 176565 105465 140225 56485 168665 129955 133905 54905 142595 79566 47526 63190 25454 76006 58562 60342 24742 64258 410 436 131 114 282 420 147 395 178 447 267 355 143 427 329 339 139 361 153196 91598 49048 58526 192305 20176 139849 125328 120314 144089 198343 94816 196743 89390 14275 62689 151548 140260 46936 37556 132217 106612 135529 150432 163387 87201 161939 146423 117069 65127 40842 58216 70705 50328 110893 36388 159769 82738 97084 157370 176179 123892 78267 181892 81854 32145 106934 137309 14896 196039 4326 63772 79347 111298 75519 162674 169654 179683 161181 191087 36611 15280 59508 85661 151305 194277 44407 131654 32812 129160 185634 196763 190044 94645 7365 36303 174908 133636 168170 15106 4 69475 161348 133124 159784 119232 121183 107113 76021 79352 165879 58447 97283 9111 111905 107245 138772 55818 50098 157427 45000
200
113670 176303 131651 13605 81952 109547 13589 59952 14427 129186 181539 24926 161523 119442 24809 155908 111443 154326 65820 92982 160996 156636 187794 64687 162148 114722 41260 78453 672 119539 80298 79943 5183 102121 143033 41447 142575 69984 147771 55474 69714 116578 183287 183904 134805 55425 134448 169104 143410 151974 20153 77221 170576 132028 56434 46772 72651 164984 118606 198494 25926 69451 12058 85398 18401 175618 2890 42553 169357 121074 87021 144039 103678 128128 46372 18886 148606 106181 100089 192788 74624 26044 89628 30364 71840 119715 194672 133648 91753 106151 27700 167012 103725 194142 197065 94448 124884 72717 144487 193031 162501 72124 14923 85666 132137 55925 146636 66709 162949 194617 42607 82633 44806 6792 84175 112710 147384 117975 91744 140151 187736 106532 123282 61724 145948 120760 129891 111231 150958 75054 52051 4927 58026 42475 187102 67279 147252 7412 137510 139369 177099 137146 77790 118413 78006 103300 71458 154940 46997 135061 39171 26522 175973 103547 141890 187578 89737 30782 7428 119829 183000 149429 110478 26983 110782 180739 20771 90531 146837 121937 1854 27852 13033 94504 96187 93516 14963 144967 150394 55073 88819 11436 91050 53569 95261 72862 146882 56147 130668 199683 78505 178121 134486 132818 90743 161014 143820 163830 32609 153907
200
2794 473 3058 3388 4334 1122 1705 1606 616 1716 1870 1276 550 54864 9288 60048 66528 85104 22032 33480 31536 12096 33696 36720 25056 10800 68834 11653 75338 83468 106774 27642 42005 39566 15176 42276 46070 31436 13550 101346 17157 110922 122892 157206 40698 61845 58254 22344 62244 67830 46284 19950 54610 9245 59770 66220 84710 21930 33325 31390 12040 33540 36550 24940 10750 99314 16813 108698 120428 154054 39882 60605 57086 21896 60996 66470 45356 19550 90170 15265 98690 109340 139870 36210 55025 51830 19880 55380 60350 41180 17750 25908 4386 28356 31416 40188 10404 15810 14892 5712 15912 17340 11832 5100 80518 13631 88126 97636 124898 32334 49135 46282 17752 49452 53890 36772 15850 75438 12771 82566 91476 117018 30294 46035 43362 16632 46332 50490 34452 14850 19812 3354 21684 24024 30732 7956 12090 11388 4368 12168 13260 9048 3900 63246 10707 69222 76692 98106 25398 38595 36354 13944 38844 42330 28884 12450 63754 10793 69778 77308 98894 25602 38905 36646 14056 39156 42670 29116 12550 11 216 271 399 215 391 355 102 317 297 78 249 251 254 43 278 308 394 102 155 146 56 156 170 116 50 17963 174584 188457 102701 110180
200
925 15207 10027 14615 15170 4329 12062 11396 13357 2368 7141 12321 10101 8350 137274 90514 131930 136940 39078 108884 102872 120574 21376 64462 111222 91182 5475 90009 59349 86505 89790 25623 71394 67452 79059 14016 42267 72927 59787 6075 99873 65853 95985 99630 28431 79218 74844 87723 15552 46899 80919 66339 10300 169332 111652 162740 168920 48204 134312 126896 148732 26368 79516 137196 112476 3575 58773 38753 56485 58630 16731 46618 44044 51623 9152 27599 47619 39039 6075 99873 65853 95985 99630 28431 79218 74844 87723 15552 46899 80919 66339 9800 161112 106232 154840 160720 45864 127792 120736 141512 25088 75656 130536 107016 325 5343 3523 5135 5330 1521 4238 4004 4693 832 2509 4329 3549 10275 168921 111381 162345 168510 48087 133986 126588 148371 26304 79323 136863 112203 5925 97407 64227 93615 97170 27729 77262 72996 85557 15168 45741 78921 64701 6575 108093 71273 103885 107830 30771 85738 81004 94943 16832 50759 87579 71799 2925 48087 31707 46215 47970 13689 38142 36036 42237 7488 22581 38961 31941 37 334 219 243 412 143 243 392 13 411 237 263 117 25 411 271 395 410 117 326 308 361 64 193 333 273 63609 15874 63603 173148 125391
200
82686 122424 3171 6690 132952 53362 37120 74379 119675 19168 165653 11163 145989 133117 116972 14725 88797 58803 149315 78111 74503 65522 164391 38657 120493 56278 181321 92103 145005 14652 43642 127370 57363 106854 64331 34962 138176 103784 168871 61993 54909 186292 90125 26478 85262 120760 554 141578 78250 96470 119940 76041 52481 108665 54272 192205 95771 68835 115926 127027 116418 133303 20889 92546 137140 10279 108189 43566 68547 56177 196983 133296 173243 199815 183633 194728 182963 20370 46595 197556 160528 9879 87538 156364 175848 17441 54322 5077 145657 157686 93992 163796 58782 66386 52077 85079 115320 90358 187983 51241 40565 112498 96696 91154 44699 37121 100344 167816 67785 80587 180183 25869 184954 176254 9649 88537 59321 84226 169185 18752 52771 94100 1561 116744 179404 56188 107620 20632 185526 57240 122986 48977 170885 20254 12491 43239 108267 196966 30129 81879 106454 167527 101185 3179 178500 42105 184325 177381 197145 177755 128794 25656 8560 146577 184791 122970 35713 182689 146380 135856 137796 78415 174976 89305 183299 187520 20963 136965 12359 73726 64994 124611 39736 168893 64241 107544 148961 18336 192518 133193 78520 41026 159455 139 188836 80418 47524 124967 80200 35649 179482 99813 134194 33680 100707 48736 75833 106077 134756 90839
3
65537 65537 131073
200
22704 74304 76884 4386 81786 84624 105522 59082 42570 71466 36378 95460 9328 30528 31588 1802 33602 34768 43354 24274 17490 29362 14946 39220 3256 10656 11026 629 11729 12136 15133 8473 6105 10249 5217 13690 23760 77760 80460 4590 85590 88560 110430 61830 44550 74790 38070 99900 28512 93312 96552 5508 102708 106272 132516 74196 53460 89748 45684 119880 35112 114912 118902 6783 126483 130872 163191 91371 65835 110523 56259 147630 22792 74592 77182 4403 82103 84952 105931 59311 42735 71743 36519 95830 704 2304 2384 136 2536 2624 3272 1832 1320 2216 1128 2960 10296 33696 34866 1989 37089 38376 47853 26793 19305 32409 16497 43290 10736 35136 36356 2074 38674 40016 49898 27938 20130 33794 17202 45140 7480 24480 25330 1445 26945 27880 34765 19465 14025 23545 11985 31450 5368 17568 18178 1037 19337 20008 24949 13969 10065 16897 8601 22570 258 106 37 270 324 399 259 8 117 122 85 61 88 288 298 17 317 328 409 229 165 277 141 370 99421 190 58205 104564 45814 199487 54080 106478 100319 4360 110600 111794 42377 119526 50890 32554 176313 174199 37116 75042 152951 166492 132153 174551 145301 23878 177886 59543 148043 107279 149994 49461
200
1 1 1 0 0 1 1 1 0 1 0 1 1 1 0 1 1 0 0 0 0 0 0 1 0 1 0 1 1 0 0 0 1 1 0 1 0 0 1 0 0 0 0 0 1 1 0 0 0 1 0 1 1 0 0 1 1 0 1 0 0 1 0 1 1 1 1 0 0 1 1 1 1 0 0 0 1 1 1 0 0 1 0 0 1 1 0 0 1 0 0 0 1 1 0 0 1 1 1 0 0 0 1 1 1 1 1 1 1 0 0 0 1 0 0 1 1 1 1 0 0 0 0 1 1 0 1 1 0 0 0 0 0 0 0 1 0 1 0 1 0 1 1 0 0 0 0 0 1 1 0 0 0 0 0 1 1 0 1 0 0 0 0 1 0 1 0 0 1 1 0 1 1 0 1 1 0 1 0 1 0 1 1 1 0 1 0 0 0 1 0 0 0 0 1 1 0 1 1 0
200
40596 16119 79401 58108 597 10149 70247 62424 24786 122094 89352 918 15606 108018 45492 18063 88977 65116 669 11373 78719 71400 28350 139650 102200 1050 17850 123550 28356 11259 55461 40588 417 7089 49067 74256 29484 145236 106288 1092 18564 128492 69768 27702 136458 99864 1026 17442 120726 199 306 223 350 139 364 342 204 81 399 292 3 51 353 146175 129395 46177 122688 123821 26517 115819 83053 84607 150899 137439 148195 7771 52512 148952 114392 146759 61277 165191 145208 155987 300 62426 11159 98692 108850 155752 166483 51790 98425 104604 174299 5181 24839 16081 89812 10200 174965 14255 158813 178911 66721 13070 133353 188932 8027 109389 75244 125236 57833 161069 152746 144186 13272 147113 142538 18375 166135 135757 16664 18145 122232 107250 131235 177304 79433 41846 15404 36072 56727 10715 107203 169051 190808 132480 55276 105639 30351 74465 90275 159350 91678 126038 97256 15681 55884 28128 181056 110213 20538 192410 149692 111788 111156 107796 53233 76021 63149 196798 194040 83383 66461 63773 18468 102768 47591 196066 167403 148536 185504 44743 149095 157181 198468 83013 111821 108461 163796 159081 157941 187102 37738 114363 122122 192263 28389 199847 2035 40609 94393 54396 195295 107580 21576 7083 89742 35617
200
1 1 1 1 1 1 1 1 1 1 1 1 1 1 1 1 1 1 1 1 1 1 1 1 1 1 1 1 1 1 1 1 1 1 1 1 1 1 1 1 1 1 1 1 1 1 1 1 1 1 1 1 1 1 1 1 1 1 1 1 1 1 1 1 1 1 1 1 1 1 1 1 1 1 1 1 1 1 1 1 1 1 1 1 1 1 1 1 1 1 1 1 1 1 1 1 1 1 1 1 1 1 1 1 1 1 1 1 1 1 1 1 1 1 1 1 1 1 1 1 1 1 1 1 1 1 1 1 1 1 1 1 1 1 1 1 1 1 1 1 1 1 1 1 1 1 1 1 1 1 1 1 1 1 1 1 1 1 1 1 1 1 1 1 1 1 1 1 1 1 1 1 1 1 1 1 1 1 1 1 1 1 1 1 1 1 1 1 1 1 1 1 1 1 1 1 1 1 1 1
200
0 0 0 0 0 0 1 0 0 1 1 0 1 0 0 0 1 0 0 0 0 0 0 0 0 0 0 0 1 0 0 1 0 1 1 1 1 0 1 0 1 0 1 1 1 1 1 0 1 1 1 1 1 0 0 1 0 0 0 1 0 1 1 0 0 0 1 1 0 1 1 1 0 1 0 1 0 1 0 1 0 1 0 1 0 1 1 0 0 0 0 0 1 1 0 1 0 0 1 0 0 0 0 1 1 0 1 0 0 0 1 1 1 0 0 1 1 0 0 0 0 1 1 1 1 1 0 1 1 0 1 1 0 1 1 1 1 0 1 0 0 1 0 0 1 0 0 1 1 1 0 0 0 0 1 1 0 0 1 1 1 0 1 1 0 1 1 1 1 0 1 1 0 1 1 0 0 1 0 0 1 1 1 0 1 0 0 1 1 0 0 0 0 0 1 1 1 0 1 0
200
6279 11154 3510 13728 16029 1248 4719 6240 16068 17277 13338 11544 8211 14586 4590 17952 20961 1632 6171 8160 21012 22593 17442 15096 52325 92950 29250 114400 133575 10400 39325 52000 133900 143975 111150 96200 36708 65208 20520 80256 93708 7296 27588 36480 93936 101004 77976 67488 38157 67782 21330 83424 97407 7584 28677 37920 97644 104991 81054 70152 40572 72072 22680 88704 103572 8064 30492 40320 103824 111636 86184 74592 4669 8294 2610 10208 11919 928 3509 4640 11948 12847 9918 8584 52003 92378 29070 113696 132753 10336 39083 51680 133076 143089 110466 95608 56511 100386 31590 123552 144261 11232 42471 56160 144612 155493 120042 103896 29141 51766 16290 63712 74391 5792 21901 28960 74572 80183 61902 53576 66815 118690 37350 146080 170565 13280 50215 66400 170980 183845 141930 122840 39767 70642 22230 86944 101517 7904 29887 39520 101764 109421 84474 73112 39 51 325 228 237 252 29 323 351 181 415 247 161 286 90 352 411 32 121 160 412 443 342 296 83065 163400 141875 139697 70733 39445 175028 37199 179659 106296 108647 31640 67975 41056 61733 102231 72335 29963 162802 13741 34467 105885 137504 81429 157403 42642 97434 179779 132379 130081 21798 20076
